start,method,iteration,fitting_loglik,score_norm,accepted,learning_rate,elapsed_seconds
0,DS19,0,-904.5076020307592,806.3631173823873,,,
0,DS19,1,-913.2944218195632,659.9348695574014,,,
0,DS19,2,-902.3929365063502,505.24422985573256,,,
0,DS19,3,-902.0139599634028,829.1070070704122,,,
0,DS19,4,-891.7576958271529,326.9751942994082,,,
0,DS19,5,-902.0663308160572,846.9230380591729,,,
0,DS19,6,-904.5492668205214,408.4507273432994,,,
0,DS19,7,-902.7992550253492,306.1927203747162,,,
0,DS19,8,-903.2956981662156,377.59496967893824,,,
0,DS19,9,-895.1612226602554,1372.976535985,,,
0,DS19,10,-900.0569886093704,864.0119969059386,,,
0,DS19,11,-897.3908095987424,392.6969413843466,,,
0,DS19,12,-897.8705758797686,629.9147473273778,,,
0,DS19,13,-889.8369131256097,540.0903612990608,,,
0,DS19,14,-900.531479233712,673.724696490675,,,
0,DS19,15,-895.7587245695306,496.3142233980834,,,
0,DS19,16,-899.8596685998892,423.1446136292645,,,
0,DS19,17,-892.8659412494078,898.5101992227023,,,
0,DS19,18,-893.1073668305394,732.0107585107279,,,
0,DS19,19,-894.883128159923,639.0168478462969,,,
0,DS19,20,-893.3950170374767,322.0694862919632,,,
0,DS19,21,-889.2820025897545,502.3720253707043,,,
0,DS19,22,-888.7871505678295,204.75881121038216,,,
0,DS19,23,-891.9532249795769,832.2923884196684,,,
0,DS19,24,-896.9584624058847,1015.2742356704232,,,
0,DS19,25,-894.2906545480682,959.703686169796,,,
0,DS19,26,-897.555598325222,380.0501914958314,,,
0,DS19,27,-888.6854546395639,653.8565444277265,,,
0,DS19,28,-890.6981398029914,416.7771637331889,,,
0,DS19,29,-887.66079375757,466.5081832076152,,,
0,DS19,30,-889.6956127555889,405.7689292811923,,,
0,DS19,31,-891.569385659882,921.6462811963762,,,
0,DS19,32,-893.3510769913738,425.0246871072484,,,
0,DS19,33,-888.9754682632644,887.0203414813661,,,
0,DS19,34,-888.121971422057,616.523934790617,,,
0,DS19,35,-884.9467985669937,502.4111941684347,,,
0,DS19,36,-893.4858922456731,786.2597513616134,,,
0,DS19,37,-890.3894622789612,502.45348489462407,,,
0,DS19,38,-885.5995834337224,886.7570383379099,,,
0,DS19,39,-886.6053936144563,617.5112762736576,,,
0,DS19,40,-888.3409560669816,1182.7251144324173,,,
0,DS19,41,-890.9758504720373,587.9168341337141,,,
0,DS19,42,-880.8402900710283,354.5973211371215,,,
0,DS19,43,-884.1372455548099,772.385006525977,,,
0,DS19,44,-880.3094912034545,697.6738904078942,,,
0,DS19,45,-895.1727176263526,700.5034570408648,,,
0,DS19,46,-886.5807395768823,803.2591510085233,,,
0,DS19,47,-890.0413539633354,1929.723228349084,,,
0,DS19,48,-884.2567360170298,1473.839213188139,,,
0,DS19,49,-888.6284961196885,642.7494534313007,,,
0,DS19,50,-886.3220426094924,972.0662853405488,,,
0,DS19,51,-887.1383729741435,1216.4683177060608,,,
0,DS19,52,-887.7151953810888,581.7797306285347,,,
0,DS19,53,-895.2491533120874,517.3374992371201,,,
0,DS19,54,-889.9643684385093,681.9437779551357,,,
0,DS19,55,-898.9890431683143,388.9067292267504,,,
0,DS19,56,-902.20338668458,1192.4960648324964,,,
0,DS19,57,-904.55228388781,788.7303588128248,,,
0,DS19,58,-894.3733424057571,1278.738908726367,,,
0,DS19,59,-894.9648139702722,1117.1542712171524,,,
0,DS19,60,-895.3348930674154,974.5178212884024,,,
0,DS19,61,-899.4593730802494,1160.1739706913252,,,
0,DS19,62,-896.3539256668633,638.2819584136066,,,
0,DS19,63,-904.9467769321602,693.4231658090894,,,
0,DS19,64,-895.9844410912965,827.9364843878392,,,
0,DS19,65,-902.9152708620916,1031.976439103397,,,
0,DS19,66,-906.3461526258934,625.8669801557137,,,
0,DS19,67,-901.6323312134684,313.56199617491694,,,
0,DS19,68,-906.6032069951476,968.8977423529078,,,
0,DS19,69,-910.0343455778376,344.24894256726003,,,
0,DS19,70,-907.0290213987936,822.7244217840924,,,
0,DS19,71,-912.8993237030434,730.6477461892872,,,
0,DS19,72,-913.7388470221408,637.4441164103819,,,
0,DS19,73,-914.3106133724511,1171.3102727416583,,,
0,DS19,74,-925.959428243862,635.4417263868452,,,
0,DS19,75,-925.494053353612,1144.490918441281,,,
0,DS19,76,-929.5285396039752,882.25598591189,,,
0,DS19,77,-931.6348994128304,474.8436082940216,,,
0,DS19,78,-929.782936059571,886.0820502194166,,,
0,DS19,79,-933.1866756143932,548.558804016848,,,
0,DS19,80,-940.1457678789724,385.2267027195024,,,
0,DS19,81,-937.3737441916052,625.8758568968128,,,
0,DS19,82,-936.7259657302122,1155.2962143770142,,,
0,DS19,83,-935.7914330332254,355.84329200436605,,,
0,DS19,84,-935.4854092052948,718.1752423526866,,,
0,DS19,85,-941.6864384564008,1714.043956786756,,,
0,DS19,86,-942.1277361131044,852.6360602277224,,,
0,DS19,87,-947.3970431753964,1061.451278262319,,,
0,DS19,88,-944.9951163598688,725.9774964405055,,,
0,DS19,89,-948.9726656448944,784.8417737862421,,,
0,DS19,90,-952.990020728604,864.7655653798439,,,
0,DS19,91,-964.2444396316708,1579.426940876788,,,
0,DS19,92,-954.4087078139052,650.2059768656958,,,
0,DS19,93,-947.6374440225702,868.4119741100353,,,
0,DS19,94,-955.8109981806984,840.9662165562119,,,
0,DS19,95,-954.802959081497,776.3198742265214,,,
0,DS19,96,-948.9720569124108,861.1869049044512,,,
0,DS19,97,-947.3809167963695,926.8661784854288,,,
0,DS19,98,-951.6907365851174,966.2028613879176,,,
0,DS19,99,-960.835012687084,1267.353667103312,,,
0,DS19,100,-949.8198128630175,638.2615582877892,,,
0,DS19,101,-945.6787538279716,1732.0348600451043,,,
0,DS19,102,-946.080176861644,1208.819674127374,,,
0,DS19,103,-954.8369016818996,798.9537003967673,,,
0,DS19,104,-956.24636507919,521.2630678865067,,,
0,DS19,105,-951.921695724506,1085.3026785348832,,,
0,DS19,106,-940.7708913505649,1146.6581065699193,,,
0,DS19,107,-947.9565867260455,601.9731923643737,,,
0,DS19,108,-945.3788918577766,738.1283920338606,,,
0,DS19,109,-937.3333426569131,666.3703375446934,,,
0,DS19,110,-938.6033954019808,1271.106869973141,,,
0,DS19,111,-934.5972298636428,1297.3362548230955,,,
0,DS19,112,-932.7707802516102,1999.60036777256,,,
0,DS19,113,-941.5751547593476,646.7243244131304,,,
0,DS19,114,-929.2603958434108,539.754377506453,,,
0,DS19,115,-928.953945816506,476.2272797859161,,,
0,DS19,116,-925.0631514002572,965.4223731236258,,,
0,DS19,117,-927.5601052694548,1109.1310332737082,,,
0,DS19,118,-924.6289338098544,680.9118677764732,,,
0,DS19,119,-924.0053013395972,1048.4958395589151,,,
0,DS19,120,-928.7453451026846,1321.8198009183652,,,
0,DS19,121,-932.1540720059184,1468.6098125345668,,,
0,DS19,122,-926.900762778454,558.6524575769364,,,
0,DS19,123,-928.8181185078328,749.6262436241882,,,
0,DS19,124,-926.7512953066332,642.329068411815,,,
0,DS19,125,-925.3327739502504,1250.8301926389338,,,
0,DS19,126,-931.883228002119,841.5473736542658,,,
0,DS19,127,-924.8543625627972,1046.3079789788087,,,
0,DS19,128,-928.6458098829658,1044.2555001404414,,,
0,DS19,129,-924.7148597353672,476.5947024142415,,,
0,DS19,130,-929.6662192585766,1205.193514252443,,,
0,DS19,131,-928.959963676676,518.7740522860774,,,
0,DS19,132,-928.0567675371104,784.0598439442401,,,
0,DS19,133,-926.5890484423472,875.0006493724068,,,
0,DS19,134,-928.5051044151944,476.13310827006666,,,
0,DS19,135,-935.8041309982856,621.7294132895055,,,
0,DS19,136,-930.1095992674104,599.4521459773264,,,
0,DS19,137,-925.376025729465,705.0624889178438,,,
0,DS19,138,-931.2392120441856,597.0359743071082,,,
0,DS19,139,-938.0365992108652,628.5070599106788,,,
0,DS19,140,-933.8724564229166,791.2592888399529,,,
0,DS19,141,-929.5305165168072,508.6408850311528,,,
0,DS19,142,-938.1217056063888,877.6571956172669,,,
0,DS19,143,-936.333944210673,865.8345623158923,,,
0,DS19,144,-937.2492831263452,,,,
0,CTDD21,0,-900.629731860621,117.71780046809089,,,
0,CTDD21,1,-889.065269978569,70.70244078898425,,,
0,CTDD21,2,-899.144939429039,99.25296849106935,,,
0,CTDD21,3,-889.0254065007574,51.33105572669398,,,
0,CTDD21,4,-877.965980337556,95.6586288732026,,,
0,CTDD21,5,-889.5096350300836,58.49998906210634,,,
0,CTDD21,6,-891.562308614302,104.66664638881495,,,
0,CTDD21,7,-885.156267341628,59.62126093908241,,,
0,CTDD21,8,-880.5541100159078,56.683647018220526,,,
0,CTDD21,9,-891.1968513735632,133.9797318507031,,,
0,CTDD21,10,-898.7100850172111,118.37722155424753,,,
0,CTDD21,11,-890.5500100350102,45.44268880303856,,,
0,CTDD21,12,-874.9375401467577,45.506704974740536,,,
0,CTDD21,13,-877.011819375378,93.12252180526988,,,
0,CTDD21,14,-884.9243991257749,79.81946583204584,,,
0,CTDD21,15,-882.5804954007264,57.514385408158745,,,
0,CTDD21,16,-878.9977078045547,37.6230554950775,,,
0,CTDD21,17,-892.3243958144753,53.26730091201178,,,
0,CTDD21,18,-878.8539040055616,67.1980459143209,,,
0,CTDD21,19,-876.3611966282836,41.5863304289368,,,
0,CTDD21,20,-882.4782265400664,53.12966759734382,,,
0,CTDD21,21,-875.8164022927309,74.42545158485594,,,
0,CTDD21,22,-876.0883910745157,44.30365245789831,,,
0,CTDD21,23,-882.7224073464579,40.06701634797795,,,
0,CTDD21,24,-877.6852421403312,42.70137683085992,,,
0,CTDD21,25,-881.2575502135898,86.65151432885072,,,
0,CTDD21,26,-873.3672615442316,29.941941378116848,,,
0,CTDD21,27,-881.8692287577653,44.16217343814581,,,
0,CTDD21,28,-874.0612185708882,27.587464768904827,,,
0,CTDD21,29,-878.2226539185747,73.50390624750737,,,
0,CTDD21,30,-873.0348693020945,21.145116019684664,,,
0,CTDD21,31,-877.0950868479752,76.87604839672237,,,
0,CTDD21,32,-875.1765302634656,61.09096778348325,,,
0,CTDD21,33,-871.2778798325867,29.898960756180596,,,
0,CTDD21,34,-876.8135963986267,27.765369427895287,,,
0,CTDD21,35,-873.6846971314907,45.18252847772968,,,
0,CTDD21,36,-876.0649953334421,29.379542989992867,,,
0,CTDD21,37,-875.6326109718761,27.879085278494493,,,
0,CTDD21,38,-881.0166197467411,41.02494589008812,,,
0,CTDD21,39,-887.9512777041673,53.26247020319725,,,
0,CTDD21,40,-869.1407280949146,34.45617160564815,,,
0,CTDD21,41,-870.2554934090181,74.36403414557309,,,
0,CTDD21,42,-871.7218542216299,34.574077221285414,,,
0,CTDD21,43,-875.0368870931974,25.411168514614747,,,
0,CTDD21,44,-880.8884105347006,45.80335474006525,,,
0,CTDD21,45,-877.4047144691069,35.678898417781994,,,
0,CTDD21,46,-875.3855608630272,51.74403325422293,,,
0,CTDD21,47,-871.2704713685122,32.82550561599309,,,
0,CTDD21,48,-878.1890690920111,38.282304418088806,,,
0,CTDD21,49,-872.0322594639124,24.29083418983492,,,
0,CTDD21,50,-874.1141378404,34.61847432547256,,,
0,CTDD21,51,-870.5691987193281,66.67002140994947,,,
0,CTDD21,52,-869.374199867638,20.18492654723899,,,
0,CTDD21,53,-869.8951580030616,44.16652704104287,,,
0,CTDD21,54,-875.8817283564027,35.28495544764517,,,
0,CTDD21,55,-869.1052570721907,45.39227943723214,,,
0,CTDD21,56,-870.7987951603053,34.360146505382886,,,
0,CTDD21,57,-870.4524028367186,27.01919396421593,,,
0,CTDD21,58,-875.4860785829173,67.33873509617416,,,
0,CTDD21,59,-876.4792995026434,33.15211595548451,,,
0,CTDD21,60,-864.7698379521142,45.92187395555482,,,
0,CTDD21,61,-872.0735823272221,50.53466925919043,,,
0,CTDD21,62,-870.1802728935918,13.048325936004185,,,
0,CTDD21,63,-871.9646282023268,22.98665326962908,,,
0,CTDD21,64,-873.0270689469444,44.73947973776953,,,
0,CTDD21,65,-871.1788498204941,18.20263941752033,,,
0,CTDD21,66,-876.827666106525,77.3030749873985,,,
0,CTDD21,67,-870.0325152171257,41.41213792822552,,,
0,CTDD21,68,-870.9328681721787,68.20624362837974,,,
0,CTDD21,69,-879.1711765175276,40.36271955805406,,,
0,CTDD21,70,-871.3893543674972,20.964093504165795,,,
0,CTDD21,71,-876.5475821406772,35.434831255062164,,,
0,CTDD21,72,-868.3949404653852,54.52329014237555,,,
0,CTDD21,73,-869.7938147002222,31.59143076938809,,,
0,CTDD21,74,-873.7881118637356,40.40937017735873,,,
0,CTDD21,75,-869.2148000666667,32.45696170611288,,,
0,CTDD21,76,-875.2308669091508,36.32019779386337,,,
0,CTDD21,77,-866.5184117808121,66.15095249140144,,,
0,CTDD21,78,-879.0877795616251,26.381841215873912,,,
0,CTDD21,79,-873.4282546271603,38.16497780067485,,,
0,CTDD21,80,-878.2696074107452,42.92291424400295,,,
0,CTDD21,81,-870.7411874527098,25.4687874207894,,,
0,CTDD21,82,-871.7580588761688,25.83627068372977,,,
0,CTDD21,83,-867.6270587007937,64.40067027375726,,,
0,CTDD21,84,-869.0268030986642,18.34108526882694,,,
0,CTDD21,85,-876.8225681341848,44.35224607731875,,,
0,CTDD21,86,-875.3095895267404,40.11271674476779,,,
0,CTDD21,87,-869.6799623069644,22.844882160369075,,,
0,CTDD21,88,-873.3226305063403,28.677762982097512,,,
0,CTDD21,89,-870.6571730705547,29.08714145076989,,,
0,CTDD21,90,-876.2615559240976,32.91977092185973,,,
0,CTDD21,91,-877.5028859246212,44.44105943383333,,,
0,CTDD21,92,-869.2760926743356,50.4711440864551,,,
0,CTDD21,93,-870.9587087065261,25.67850098243547,,,
0,CTDD21,94,-876.5221648215318,27.273533256945573,,,
0,CTDD21,95,-871.3270889525498,25.680888872237954,,,
0,CTDD21,96,-869.9016613960607,45.14286591247068,,,
0,CTDD21,97,-875.1708099143233,37.84927963992673,,,
0,CTDD21,98,-871.6046571678803,25.2295023678278,,,
0,CTDD21,99,-869.4985695778478,25.238955089672803,,,
0,CTDD21,100,-866.4670421402157,31.39718375431218,,,
0,CTDD21,101,-879.5890012907475,31.09020539465205,,,
0,CTDD21,102,-870.991675416583,29.800857434109613,,,
0,CTDD21,103,-872.0005854811485,39.19895398631783,,,
1,DS19,0,-879.4095870206086,326.6651480806213,True,0.01,0.9025888913311064
1,DS19,1,-880.0410800745514,1338.595949246115,True,0.0099998051385995,1.447045911103487
1,DS19,2,-876.0690201733828,403.8426863167336,True,0.0099994991524542,1.9882777142338453
1,DS19,3,-883.630866352811,573.8964956719358,True,0.0099990544426712,2.533231828827411
1,DS19,4,-878.1643869465929,600.7857891739791,True,0.009998465120917,3.0758916568011045
1,DS19,5,-876.3424023251383,617.226620329084,True,0.0099977371558034,3.61893064621836
1,DS19,6,-877.7421964527698,640.2710382440089,True,0.009996867730532,4.254013201221824
1,DS19,7,-879.4814522936995,462.5834581829681,True,0.0099956721019113,4.977472299244255
1,DS19,8,-878.7004987471571,1341.099666171202,True,0.0099940752317657,5.513199030887336
1,DS19,9,-876.8842649154112,382.9324286751887,True,0.0099927315906073,6.055156745016575
1,DS19,10,-877.2914204889719,1634.1224140793693,True,0.0099912328447874,6.599530229344964
1,DS19,11,-876.425022332199,692.8976737672998,True,0.0099895862426424,7.140867843292654
1,DS19,12,-877.312889775494,1684.442897748764,True,0.0099878085663252,7.685936841648072
1,DS19,13,-877.5036008344692,624.8248368858459,True,0.009985877378643,8.22725030547008
1,DS19,14,-878.0385729183952,525.0991393130782,True,0.0099838192753291,8.784422805532813
1,DS19,15,-875.1423042694878,1175.3081434716653,True,0.009981555005229,9.445470629259944
1,DS19,16,-880.6109231260559,359.7725137227113,True,0.0099786767741276,10.148691331967711
1,DS19,17,-874.1527572270916,385.3185734423225,True,0.0099753865343233,10.69167692400515
1,DS19,18,-876.2441675740916,968.734390884372,True,0.009972685026162,11.234613232780248
1,DS19,19,-876.7283927344878,2212.479644844953,True,0.0099698435944687,11.777379140723497
1,DS19,20,-874.279011017142,513.5999586154595,True,0.0099668630471637,12.32024932699278
1,DS19,21,-874.5962394770421,513.3842758149467,True,0.0099637419948438,12.865126891061664
1,DS19,22,-874.9144149089664,561.2695797193379,True,0.0099604687772172,13.409343252889812
1,DS19,23,-877.8618189194459,328.4220999107385,True,0.0099570590068256,14.007070776540786
1,DS19,24,-873.4221548982241,406.0981619616617,True,0.0099531522600423,14.66957418434322
1,DS19,25,-873.4249833075071,371.51284001329554,True,0.009948624520038,15.321702527347952
1,DS19,26,-875.1060738002161,770.5208345178886,True,0.0099439649645875,15.86603276245296
1,DS19,27,-873.3425401793261,631.0589157341187,True,0.0099399217950355,16.407896612305194
1,DS19,28,-877.0562319405755,424.8847354071687,True,0.0099357580431494,16.95360390888527
1,DS19,29,-872.3180661824099,933.5167950205728,True,0.0099314248248841,17.49721755972132
1,DS19,30,-873.7700130536866,691.7139020476744,True,0.0099269687469777,18.04004199290648
1,DS19,31,-875.221117675715,1495.7708938085532,True,0.0099223803649529,18.58345629507676
1,DS19,32,-878.7959552310441,370.43181145821615,True,0.0099176482422165,19.214201130904257
1,DS19,33,-870.6074552625457,730.1345014591737,True,0.0099119817409702,19.96229438763112
1,DS19,34,-873.6922024859847,494.1038846401245,True,0.0099050191208171,20.50754135195166
1,DS19,35,-880.7331820614941,366.0695239791335,True,0.0098997792828053,21.049261706881225
1,DS19,36,-876.8268864618803,1406.3237922536389,True,0.0098944356276598,21.59380435803905
1,DS19,37,-872.8233328755475,1004.508221040882,True,0.0098889259657055,22.13804599735886
1,DS19,38,-875.4605334868265,502.364437648465,True,0.0098832811114225,22.68216382618993
1,DS19,39,-878.0210913188183,318.41720527866835,True,0.0098774995664205,23.23155552148819
1,DS19,40,-878.5451230655747,380.9531374919679,True,0.0098715221975726,23.786104888189584
1,DS19,41,-877.6798950764519,817.2228242062031,True,0.0098653464634018,24.45018117688596
1,DS19,42,-879.0984215009806,1332.6624660131197,True,0.0098577632244776,25.148680513259023
1,DS19,43,-880.1564880208393,699.144584257527,True,0.0098495664500982,25.69421749934554
1,DS19,44,-878.52087441144,511.216126365026,True,0.0098430077362692,26.23895944422111
1,DS19,45,-879.0103327773375,1139.396496938915,True,0.0098363214753754,26.78455206612125
1,DS19,46,-878.1277452103801,778.4744577117649,True,0.0098294876581977,27.332597725093365
1,DS19,47,-886.6656230332785,1059.9407926896504,True,0.0098224851847249,27.87858445616439
1,DS19,48,-879.3127785107781,675.2906341759967,True,0.009815371778122,28.42424098914489
1,DS19,49,-879.2010291730103,1107.334613095339,True,0.0098081260410879,29.02139912871644
1,DS19,50,-882.7598581375186,433.6038013135399,True,0.0098000401512356,29.682563287671652
1,DS19,51,-882.626939389309,503.8361303649708,True,0.009790897437881,30.342239941004664
1,DS19,52,-886.3712547023817,970.2487414432117,True,0.0097815765632393,30.88295700401068
1,DS19,53,-890.7818237205836,549.350169177384,True,0.0097737887860875,31.42590462276712
1,DS19,54,-887.9111659670663,548.3825356100133,True,0.0097658352233471,31.96946650044993
1,DS19,55,-895.3659444191044,1376.1664679422036,True,0.0097577387497596,32.51658583525568
1,DS19,56,-898.7650180874963,846.4548487950602,True,0.0097494542377422,33.05915193539113
1,DS19,57,-891.8603054005446,351.2384331226301,True,0.0097411051269781,33.60339286038652
1,DS19,58,-895.978329375635,512.8238494860984,True,0.0097325969047118,34.23934146016836
1,DS19,59,-902.5550828243348,924.316444896344,True,0.0097224861623503,34.98010263731703
1,DS19,60,-902.4580930647828,793.565346957322,True,0.0097104801806631,35.52771209552884
1,DS19,61,-907.6504988565068,1956.908083605847,True,0.00970144679212,36.070878483355045
1,DS19,62,-912.6902605251612,683.1161438507509,True,0.0096923543828529,36.61700145946816
1,DS19,63,-923.6694650071878,463.1212011010512,True,0.0096830799174546,37.1644582003355
1,DS19,64,-910.4002921976082,1558.316949002047,True,0.0096736496853513,37.706675375346094
1,DS19,65,-919.4947849462636,1407.8642726884111,True,0.0096641786312046,38.25275715813041
1,DS19,66,-918.205283956619,655.0235071441017,True,0.0096545085297623,38.80711650522426
1,DS19,67,-931.5399728862352,950.3469194557464,True,0.0096445571353845,39.46419413806871
1,DS19,68,-932.4211496817244,675.0704003339367,True,0.00963258649456,40.15480693615973
1,DS19,69,-917.2245012791986,1816.899412470267,True,0.0096198004728952,40.69549153326079
1,DS19,70,-918.3072558161626,602.9098388072821,True,0.009609644405715,41.23452358413488
1,DS19,71,-919.1265453029256,597.3092601266246,True,0.0095993922445106,41.7706556529738
1,DS19,72,-936.8187243562222,480.4177618047685,True,0.0095890696357725,42.30975385615602
1,DS19,73,-921.042262617954,830.042387448156,True,0.0095785639300911,42.843699909280986
1,DS19,74,-907.422165349372,927.851074224022,True,0.0095680344158778,43.37785278446973
1,DS19,75,-914.5743304192274,949.1972638200708,True,0.0095573774566941,43.94946810975671
1,DS19,76,-915.9891294154684,578.6472433811622,True,0.0095458367707407,44.60470894165337
1,DS19,77,-917.0926718108906,845.613435394472,True,0.0095324348659846,45.28724355762824
1,DS19,78,-908.1814021598202,637.5552014457792,True,0.0095182790109122,45.834142059553415
1,DS19,79,-906.3592598958166,1238.8060570281273,True,0.0095067926217471,46.38095643557608
1,DS19,80,-908.8233972294968,443.8557169980338,True,0.0094951806270105,46.92024499364197
1,DS19,81,-908.0250366017016,862.4695095997396,True,0.0094836040629014,47.45912960357964
1,DS19,82,-907.0706973977028,848.8831225818592,True,0.0094719131443068,47.997167294844985
1,DS19,83,-905.8151755283008,1352.854366354853,True,0.0094601182693625,48.540999713819474
1,DS19,84,-909.07163324183,653.9646644051584,True,0.0094480725170975,49.15659816376865
1,DS19,85,-909.034607751056,644.5838224203208,True,0.0094342874023278,49.9174291328527
1,DS19,86,-909.5195731086408,588.273761031092,True,0.0094170311527046,50.466809996869415
1,DS19,87,-908.6345946985446,720.2797922699135,True,0.009404420830268,51.01605547172949
1,DS19,88,-909.2408627673162,371.9155401951343,True,0.0093916883854666,51.562553809490055
1,DS19,89,-904.193483220557,570.5481679255148,True,0.0093788957518419,52.10211423551664
1,DS19,90,-917.016873152243,548.6275077027144,True,0.0093661447022554,52.64406334748492
1,DS19,91,-920.180323735003,447.86265406238783,True,0.0093532167543793,53.18622271809727
1,DS19,92,-917.2843550592806,323.04975361807794,True,0.0093401634097808,53.730502096004784
1,DS19,93,-922.9882284639624,673.1333910231991,True,0.0093269383218286,54.395526540931314
1,DS19,94,-931.4193037266232,790.7303176676972,True,0.0093106157795671,55.12273317296058
1,DS19,95,-919.694389446484,531.004299514075,True,0.0092925619797093,55.66828860901296
1,DS19,96,-933.5362925446334,606.6631055478231,True,0.0092788778625891,56.212321917992085
1,DS19,97,-935.665846204556,325.7944469135904,True,0.0092651128588459,56.75469696894288
1,DS19,98,-939.480036187063,1037.8315598495683,True,0.0092512718864515,57.30138702597469
1,DS19,99,-945.0690750480958,408.2657870811751,True,0.0092372020838594,57.84421940101311
1,DS19,100,-949.402691369289,388.2741496085281,True,0.0092231140774667,58.38659072900191
1,DS19,101,-955.0177962942504,,False,,
1,CTDD21,0,-888.5310302117261,95.61639742787064,True,0.01,2.400182514917105
1,CTDD21,1,-873.8783559951107,81.74605468448081,True,0.0099986221074368,4.39404490403831
1,CTDD21,2,-885.229911676886,37.21235372360686,True,0.0099953825342657,6.780429518781602
1,CTDD21,3,-873.2896849877618,36.48650519218267,True,0.0099890077522548,8.830110916867852
1,CTDD21,4,-877.9672254455519,63.142293541709805,True,0.0099813627729559,11.213170688599348
1,CTDD21,5,-884.1509036087781,40.85958698006928,True,0.0099699584703815,13.315295293461531
1,CTDD21,6,-873.6686094061536,60.21788908842507,True,0.0099576582945607,15.555841744411737
1,CTDD21,7,-881.6943766229326,44.516703440117226,True,0.0099422429765319,17.865011166315526
1,CTDD21,8,-873.8912792232759,47.922199793388266,True,0.0099238750036133,20.07709804456681
1,CTDD21,9,-883.6522528078683,30.517178578068823,True,0.0099039274196657,22.51931100571528
1,CTDD21,10,-869.2205348722214,40.570256799994205,True,0.0098792444209007,24.625222681555897
1,CTDD21,11,-870.899321844126,38.58982691588171,True,0.0098557303485747,27.06662888964638
1,CTDD21,12,-873.5000645040864,31.609907235756776,True,0.009825900765336,29.227657223585997
1,CTDD21,13,-867.8834681013918,39.62335105509973,True,0.0097972093980043,31.617928110528737
1,CTDD21,14,-873.0616595244588,41.12768823170053,True,0.0097629902844641,33.83218942768872
1,CTDD21,15,-881.7958943837256,25.83780949206452,True,0.009728980277019,36.17234794795513
1,CTDD21,16,-876.2408214450652,50.659352728755735,True,0.0096906412358451,38.38511867308989
1,CTDD21,17,-884.7626149653914,50.37986649217106,True,0.009652144809306,40.694971478078514
1,CTDD21,18,-868.7960336579252,40.433211434404384,True,0.0096096542357001,42.97581023303792
1,CTDD21,19,-871.3196614596366,31.49500650909332,True,0.0095654101367118,45.21377548482269
1,CTDD21,20,-870.6398709978009,44.4395970966708,True,0.0095198123180003,47.65809517912567
1,CTDD21,21,-866.8435371923906,40.29753244329306,True,0.0094675656401607,49.88294249447063
1,CTDD21,22,-879.6383998902486,41.796243751779926,True,0.009417818560432,52.31524914968759
1,CTDD21,23,-868.3804054814286,54.66735043904969,True,0.0093610748460633,54.52650085883215
1,CTDD21,24,-863.7447706051619,29.67053411750818,True,0.0093073799688315,56.98763673007488
1,CTDD21,25,-869.7541645049041,25.112598106548926,True,0.009245291415817,59.26355905737728
1,CTDD21,26,-874.2175528504789,51.37044147588513,True,0.0091857282641474,61.86849505919963
1,CTDD21,27,-867.9146269975963,68.17716901058814,True,0.0091150657219496,64.14667283091694
1,CTDD21,28,-871.8449983975108,42.056977417306456,True,0.009051127637377,66.69225123571232
1,CTDD21,29,-865.1048744237536,32.16672302966966,True,0.008977368819405,69.06090239668265
1,CTDD21,30,-869.3592892448825,23.18588421166124,True,0.0089065840448472,71.57390326494351
1,CTDD21,31,-868.5794531460563,28.859884438795152,True,0.0088292652520962,73.84797084471211
1,CTDD21,32,-870.4871232256676,57.404803249880096,True,0.0087573700523741,76.3010642901063
1,CTDD21,33,-871.2514778084748,38.133400869090735,True,0.0086778083946247,78.50802802713588
1,CTDD21,34,-864.6054036033146,19.08540956752057,True,0.0086044909174167,81.0457920380868
1,CTDD21,35,-868.8457848929133,27.67915790378264,True,0.0085181994436229,83.30674566607922
1,CTDD21,36,-862.021678886733,27.46402031299593,True,0.0084395779900203,85.79119177116081
1,CTDD21,37,-863.4051724253079,19.42287837299194,True,0.0083513444900351,88.18256967421621
1,CTDD21,38,-858.0663478078848,44.26340341504204,True,0.0082646484636763,90.63870064215736
1,CTDD21,39,-862.6249450579605,21.35952647634308,True,0.0081738558663705,93.05460604885592
1,CTDD21,40,-871.6916251436741,55.16056475360581,True,0.008082877129481,95.43099717749284
1,CTDD21,41,-871.6984849541079,28.0652023517242,True,0.0079918226930647,97.9291229811497
1,CTDD21,42,-868.7131852982259,16.332032015009663,True,0.0078944920675817,100.36054598912597
1,CTDD21,43,-863.754210577092,27.920847691746125,True,0.0077982342872238,102.90002766251564
1,CTDD21,44,-864.8482356230888,36.14752409895895,True,0.0076961575175651,105.19655396882445
1,CTDD21,45,-866.9593067303518,19.98612407346413,True,0.0076025482331766,107.7871232368052
1,CTDD21,46,-867.7140899041697,48.4445246657585,True,0.0074955412622411,110.05471203103662
1,CTDD21,47,-863.9579888643646,18.302462191374584,True,0.0074007043655859,112.64276431733742
1,CTDD21,48,-868.6121402200602,26.14407368809376,True,0.00729119824746,114.92531377868728
1,CTDD21,49,-863.3710146746574,38.7059840344759,True,0.0071935576323181,117.4424700345844
1,CTDD21,50,-871.2939350566678,14.256185839768996,True,0.0070847958771386,119.65445580147208
1,CTDD21,51,-871.5655385648781,30.38764253137651,True,0.0069883363732879,122.27170493733138
1,CTDD21,52,-859.6110463436996,11.604466555013769,True,0.0068732084020436,124.4930109763518
1,CTDD21,53,-865.9568339862499,47.97339353319149,True,0.0067747094415435,127.05299114435913
1,CTDD21,54,-866.5726880551833,30.46844087316625,True,0.0066603666946474,129.26274671638384
1,CTDD21,55,-869.2234357588472,26.64934553730645,True,0.0065610139142879,131.81172903254628
1,CTDD21,56,-870.756898022421,34.3600318847142,True,0.006445728393753,134.12851697346196
1,CTDD21,57,-861.531592966388,21.7808904986284,True,0.0063403758164663,136.65044266358018
1,CTDD21,58,-858.7017045765741,28.95340362695492,True,0.0062251518519703,138.96629941929132
1,CTDD21,59,-859.8736434984168,26.051102270534628,True,0.0061189092555411,141.47295983927324
1,CTDD21,60,-866.3404052408757,44.58277324993803,True,0.0060035175407141,143.78950615413487
1,CTDD21,61,-863.3253746956639,15.897545769413178,True,0.0058965767881171,146.34631651919335
1,CTDD21,62,-875.3682685699471,26.382854711782525,True,0.0057782843235007,148.62460917700082
1,CTDD21,63,-864.9903108935573,20.902141348995976,True,0.0056727122050304,151.17588175507262
1,CTDD21,64,-871.9060852104253,17.482469956045563,True,0.0055543803245973,153.4503859351389
1,CTDD21,65,-867.1248708822606,54.35716139123125,True,0.0054488511584102,156.02040286408737
1,CTDD21,66,-861.5364370929824,13.45110678654478,True,0.0053296480902027,158.27473679650575
1,CTDD21,67,-866.2574712675707,40.4724274966494,True,0.0052251827504076,160.6238219277002
1,CTDD21,68,-871.2439597786191,34.19063214209477,True,0.0051164854587081,163.18280348787084
1,CTDD21,69,-858.818707001931,42.55916817139292,True,0.0049983339799162,165.61725386884063
1,CTDD21,70,-866.799126967313,14.444088231423622,True,0.0048862551655665,168.18067103391513
1,CTDD21,71,-864.3583839342863,21.669336496118905,True,0.0047686581705128,170.55492137698457
1,CTDD21,72,-866.6852260668611,35.96913811332643,True,0.0046601931246493,173.04525501281023
1,CTDD21,73,-873.4876550269131,41.00900225074615,True,0.0045469668252002,175.3180503998883
1,CTDD21,74,-866.0066224812538,24.728064641786645,True,0.0044441776687965,177.80779510969296
1,CTDD21,75,-870.4732890486782,42.15932531873003,True,0.0043322442699631,179.97371545992792
1,CTDD21,76,-866.4949868857797,13.108872997445944,True,0.0042354925843491,182.51798348594457
1,CTDD21,77,-867.8868825372223,30.328320810193265,True,0.004122649128415,184.8381182122976
1,CTDD21,78,-872.3338328911525,22.94186052121855,True,0.0040205706899536,187.4405364464037
1,CTDD21,79,-866.2768940382509,17.69024559753428,True,0.0039070828324018,189.7105806544423
1,CTDD21,80,-865.9993275104628,32.02994620222932,True,0.0038090229800124,192.3607693924569
1,CTDD21,81,-869.8574013545079,28.86382917274989,True,0.0036957176347845,194.63042734842747
1,CTDD21,82,-864.8695177501345,28.04686762409595,True,0.0035997490359788,197.22870743647215
1,CTDD21,83,-865.1141869743711,49.746434344383495,True,0.0034911657940018,199.55244041839612
1,CTDD21,84,-867.5928544139186,19.91548412184979,True,0.003395274881707,202.09865666832772
1,CTDD21,85,-866.5149386892288,23.568500036180524,True,0.0032915921701227,204.4220153912902
1,CTDD21,86,-862.9854399108925,18.729612027405476,True,0.0031983104862281,207.0714095393196
1,CTDD21,87,-866.0560664045584,57.84435986785157,True,0.0030935534462923,209.35816217539832
1,CTDD21,88,-862.149184491398,42.41554389348267,True,0.0030045761715294,211.8994308966212
1,CTDD21,89,-863.4371279897927,40.95272326365656,True,0.0029073251808053,214.10995692573488
1,CTDD21,90,-868.6741921843047,23.555722215233622,True,0.002824176431753,216.81635228544476
1,CTDD21,91,-865.7897523394479,37.25927157277179,True,0.002724272542003,219.0284547568299
1,CTDD21,92,-866.0100906301975,40.35241462454976,True,0.0026442166946028,221.61448498396203
1,CTDD21,93,-871.0234501856041,44.73585499297406,True,0.0025525147837693,223.8679718240164
1,CTDD21,94,-867.0776016901918,15.71027402516258,True,0.0024743113020629,226.3998496839777
1,CTDD21,95,-866.8110080615072,27.256965415810186,True,0.0023883972605948,228.65580418379977
1,CTDD21,96,-866.8398509779588,28.991832985025056,True,0.0023136306925667,231.1634189565666
1,CTDD21,97,-861.9450712475168,37.21278739330057,True,0.002232548412732,233.41571094561368
1,CTDD21,98,-869.8195931340795,43.99547241044977,True,0.002161582159979,235.80322256032375
1,CTDD21,99,-861.1680457947878,14.702481929818047,True,0.0020883217994202,238.13405799260363
1,CTDD21,100,-869.8343620077103,18.16770730864744,True,0.0020187944760891,240.5286961016245
1,CTDD21,101,-862.0880174153983,17.786777467885837,True,0.0019494581103108,243.064230337739
1,CTDD21,102,-866.7498368440172,55.90094792369768,True,0.0018784020705442,245.32651428179813
1,CTDD21,103,-865.2577236766026,14.215922785046995,True,0.0018170914958702,247.88355898158625
1,CTDD21,104,-869.419845339456,61.24777161620248,True,0.0017502065621851,250.22553006140515
1,CTDD21,105,-865.0986113632537,19.46699672987932,True,0.001691232923645,252.7190158935264
1,CTDD21,106,-865.2005991937924,33.44570920064789,True,0.0016308856211409,254.97233861871064
1,CTDD21,107,-867.2236410251435,10.951946807937247,True,0.0015785493024045,257.5486122770235
1,CTDD21,108,-864.2464945972442,19.996598918670543,True,0.0015213070161455,259.8555490891449
1,CTDD21,109,-865.6707748202745,19.13059660075761,True,0.0014724302579626,262.3456490663812
1,CTDD21,110,-864.7979458763941,19.963901531251327,True,0.0014222307454283,264.59563177777454
1,CTDD21,111,-862.9146065659824,27.863702349363027,True,0.00137918256509,267.2156540839933
1,CTDD21,112,-862.7587237829869,49.22391158662219,True,0.00133185077132,269.5563140558079
1,CTDD21,113,-861.9484907314484,13.258860894109388,True,0.0012921371521395,272.2343778908253
1,CTDD21,114,-872.8642970796542,82.43903332435751,True,0.0012497061657972,274.5301734996028
1,CTDD21,115,-860.8007977383928,29.194899526313414,True,0.0012159102549598,277.1394944586791
1,CTDD21,116,-874.1831132771148,70.04386636991622,True,0.0011804144099045,279.4348261780105
1,CTDD21,117,-862.4326939626307,26.86075442204879,True,0.0011517737889294,282.0404507140629
1,CTDD21,118,-861.1618153790046,35.87439236758432,True,0.0011222135751416,284.39206130616367
1,CTDD21,119,-862.8471689744363,16.29570193654596,True,0.0010982470429327,287.0662288432941
1,CTDD21,120,-869.2098048001795,37.775919867142896,True,0.0010741382391966,289.3753472995013
1,CTDD21,121,-873.4810926515985,40.86159195746209,True,0.0010560267893808,291.904141752515
1,CTDD21,122,-867.0714760239762,24.21294599343091,True,0.0010390823969859,294.2530466946773
1,CTDD21,123,-872.2610998746982,12.824389574378978,True,0.0010260596989635,296.7335167587735
1,CTDD21,124,-864.326381710654,27.072920690959204,True,0.0010151563068711,298.9776593539864
1,CTDD21,125,-861.6739304649004,52.82539462337709,True,0.0010078189976555,301.56236055493355
1,CTDD21,126,-874.0876808303715,57.63757405097193,True,0.0010023484812835,303.81510468991473
1,CTDD21,127,-869.1798741812665,31.212242679910972,False,0.0010001855734256,306.4112622998655
2,DS19,0,-871.7958118214513,6106.457773620293,True,0.01,0.5383418882265687
2,DS19,1,-869.5968247107608,8874.709424366418,True,0.0099999315002526,1.0725370980799198
2,DS19,2,-870.4219898141864,5865.272266541664,True,0.0099997281095226,1.6085533779114485
2,DS19,3,-872.4010848619121,5251.510666083995,True,0.009999388445957,2.237201331648976
2,DS19,4,-870.7596929500496,3461.088437056893,True,0.0099988170542334,2.981808902695775
2,DS19,5,-871.0489879324298,4460.800068215632,True,0.0099978986444778,3.518358988687396
2,DS19,6,-872.1201033640228,5521.214703840725,True,0.0099970744537977,4.054046039003879
2,DS19,7,-869.1932955861005,4388.619770500487,True,0.0099961159161933,4.591526858974248
2,DS19,8,-874.4105838668673,5714.082066974198,True,0.0099950179528825,5.131180732976645
2,DS19,9,-873.9277524520587,4375.103798564188,True,0.0099937783117339,5.67056412762031
2,DS19,10,-874.378045987756,12217.646198267214,True,0.0099924019175116,6.2085363287478685
2,DS19,11,-868.2185308445503,4916.336321512792,True,0.0099908923647874,6.747255531605333
2,DS19,12,-874.0869520183496,3257.805969443696,True,0.0099892438969804,7.284974497742951
2,DS19,13,-870.7519596609211,4034.8339899089137,True,0.0099874620070947,7.834350146353245
2,DS19,14,-877.577768680175,8840.815222375073,True,0.0099855007238319,8.501767947338521
2,DS19,15,-872.2973361931805,5664.185501978995,True,0.0099829267026725,9.209227219689636
2,DS19,16,-872.0389150918651,6388.256097817344,True,0.0099799692300225,9.744051740970464
2,DS19,17,-870.1151151517362,6054.630024658901,True,0.0099775770945574,10.281528402119877
2,DS19,18,-873.288044258044,8783.963468371845,True,0.0099750375530835,10.81754034012556
2,DS19,19,-870.5527580930882,4506.211888773208,True,0.009972369684928,11.355788715183737
2,DS19,20,-871.6791632246386,4844.835918681792,True,0.009969554857332,11.893054717220366
2,DS19,21,-871.3857709379299,4800.403416448442,True,0.0099666095139328,12.430142435245216
2,DS19,22,-871.126504236068,4357.443249420303,True,0.0099635297753422,13.01310043502599
2,DS19,23,-869.383244573268,4667.149273552112,True,0.0099600339354633,13.671790049877018
2,DS19,24,-873.2920503067452,6027.156198193279,True,0.0099558923685615,14.33962813904509
2,DS19,25,-871.872515022628,5171.367983665175,True,0.0099514859414113,14.877631166018546
2,DS19,26,-868.3801385100053,8080.070395239243,True,0.0099477844782151,15.41204530838877
2,DS19,27,-868.4412046015107,8688.61034283284,True,0.0099439738171064,15.94449447421357
2,DS19,28,-864.5284361752654,4035.087949258772,True,0.0099400445748234,16.47714682109654
2,DS19,29,-870.3668393425564,3569.6714391753426,True,0.0099359815263244,17.009043153375387
2,DS19,30,-871.5039707526413,9417.97515379393,True,0.0099317923149712,17.54036084143445
2,DS19,31,-871.9856553687384,3861.534089124221,True,0.0099274761643751,18.07008862309158
2,DS19,32,-870.8523628232807,3896.4899181002666,True,0.0099230422209432,18.602637329138812
2,DS19,33,-871.007661300916,2711.26975850504,True,0.0099184532409199,19.137568976264447
2,DS19,34,-872.1578756904942,3721.704244139931,True,0.0099137112050857,19.67085326090455
2,DS19,35,-869.9562600944738,5527.056965908588,True,0.0099088517093439,20.31714325817302
2,DS19,36,-870.2051313858622,3998.710968456895,True,0.0099027859371715,21.057176339440048
2,DS19,37,-868.0735364495902,3407.742203790789,True,0.0098956031048386,21.59029491338879
2,DS19,38,-872.4374734221491,6741.746353841845,True,0.0098902718756661,22.124244642443955
2,DS19,39,-875.0379263828049,4949.340906482028,True,0.0098848009504583,22.65702242869884
2,DS19,40,-871.0109532497441,5811.900224639783,True,0.0098792111420731,23.19313251785934
2,DS19,41,-874.2250259139506,7354.961753563267,True,0.0098734545640096,23.731978022493426
2,DS19,42,-875.6967525637031,6437.850015140409,True,0.0098675355566848,24.268306358717386
2,DS19,43,-874.1945568229413,5518.947465801508,True,0.0098615119155927,24.81225566193461
2,DS19,44,-881.6518737255759,4335.595733982517,True,0.0098552680681245,25.479521673638374
2,DS19,45,-884.9818745561112,5639.936042632677,True,0.0098474238394714,26.187661742325872
2,DS19,46,-883.3113329573049,6890.602569542304,True,0.009838876709489,26.726126951165497
2,DS19,47,-878.5515206538817,3586.933510578717,True,0.009832224525672,27.26335315732285
2,DS19,48,-891.6739763641875,6228.922916393572,True,0.0098254561512675,27.80062288744375
2,DS19,49,-890.6234173590863,4516.054180328741,True,0.009818556072215,28.336299523245543
2,DS19,50,-896.0385499749883,4582.598279166653,True,0.0098115460823196,28.871993236243725
2,DS19,51,-895.1885527326277,4298.873488715132,True,0.0098044058970932,29.410063835326586
2,DS19,52,-887.0463124242717,4615.655824474527,True,0.0097971034074406,29.948588262312114
2,DS19,53,-891.1743723412123,6012.034298386566,True,0.0097896639026562,30.487560694571584
2,DS19,54,-897.5270215591108,3483.99178359846,True,0.0097820873612638,31.082245890516788
2,DS19,55,-892.7465792408063,3743.247664820183,True,0.0097735760237971,31.746137612499297
2,DS19,56,-901.7662512235488,7760.887748118807,True,0.0097638866387555,32.40062064351514
2,DS19,57,-914.527933990437,7878.691987277988,True,0.0097541413274141,32.933241037186235
2,DS19,58,-908.938855197867,11192.518368635472,True,0.0097460692622898,33.46760413842276
2,DS19,59,-905.3618638576696,9711.497026443329,True,0.0097378436287137,33.99856073129922
2,DS19,60,-905.6751570829304,6791.440383471617,True,0.0097295445268538,34.532172901090235
2,DS19,61,-918.6876709717184,4744.216556347887,True,0.0097210777192852,35.06542729213834
2,DS19,62,-912.0940411154348,6375.202623728825,True,0.0097124904557283,35.59886320447549
2,DS19,63,-926.5289407453258,8179.108242711122,True,0.0097037743708328,36.21049702353776
2,DS19,64,-922.7744443708608,9855.015970483684,True,0.0096936259453988,36.95489864749834
2,DS19,65,-922.070487675498,9276.554280827377,True,0.0096810522879634,37.49389724479988
2,DS19,66,-922.3801958597196,6958.866871777174,True,0.009671796129263,38.0261054369621
2,DS19,67,-925.503788931238,3638.8966246811215,True,0.0096625316584566,38.55912236077711
2,DS19,68,-930.4714287592842,7858.855142026176,True,0.0096531289730423,39.09334932593629
2,DS19,69,-929.642078532318,3865.975357725329,True,0.0096435805694171,39.62468423973769
2,DS19,70,-925.8356478240526,6260.19048300781,True,0.0096339606353088,40.15749913174659
2,DS19,71,-929.8726253380562,5713.4655718554095,True,0.0096241907926643,40.689921523910016
2,DS19,72,-932.1699496109408,4540.641462268706,True,0.0096143052894692,41.32255423767492
2,DS19,73,-936.016407843807,6533.679767831786,True,0.0096023999247272,42.06037954939529
2,DS19,74,-944.6141315907942,4114.562447537122,True,0.0095882971211206,42.591121059376746
2,DS19,75,-942.6192814496504,6000.622092828555,True,0.0095780078964937,43.12298573832959
2,DS19,76,-941.7228321216548,6258.76656162539,True,0.0095675758430491,43.6579395821318
2,DS19,77,-928.8163631527268,5784.385600602778,True,0.0095569612712129,44.19069150323048
2,DS19,78,-938.7717280365472,10426.013609759972,True,0.0095462691797992,44.72460571816191
2,DS19,79,-936.2560096786466,5573.128313040843,True,0.0095354327258134,45.25563653931022
2,DS19,80,-939.3686933129108,5530.416208567129,True,0.0095245349269946,45.78898532921448
2,DS19,81,-941.2543914980876,10267.628461034768,True,0.009513469558688,46.44799998402596
2,DS19,82,-937.496617151862,5910.683979672823,True,0.0094996313942545,47.16401247493923
2,DS19,83,-933.5421215146018,5273.339974394705,True,0.0094843895660041,47.69660049304366
2,DS19,84,-942.6024964290266,5514.300264338479,True,0.0094729130997301,48.22912015533075
2,DS19,85,-943.2378372064476,9180.358356789737,True,0.009461319748203,48.76497762929648
2,DS19,86,-944.9620826216428,9795.704917812593,True,0.0094495346137073,49.29851297196001
2,DS19,87,-948.1093263682976,5833.424912002481,True,0.0094376821890021,49.831267818342894
2,DS19,88,-944.8958356004276,8506.74973835328,True,0.0094257296120233,50.36350295646116
2,DS19,89,-948.5250190056872,8054.971685081419,True,0.0094136718176576,50.915824078489095
2,DS19,90,-948.073003496071,4736.627110700455,True,0.0094010358429408,51.572356544435024
2,DS19,91,-954.9115339014052,4638.565474476884,True,0.0093858531412723,52.26184259634465
2,DS19,92,-953.0289467204382,8290.354409541067,True,0.00936971896239,52.79888132074848
2,DS19,93,-958.6095408425252,5667.755012757372,True,0.0093570181733162,53.3381018335931
2,DS19,94,-964.5572993966346,4491.846426480847,True,0.0093441482165767,53.8740136786364
2,DS19,95,-970.2881540833274,4826.390397659574,True,0.0093312408929732,54.409960572607815
2,DS19,96,-984.8306771988534,5472.333160673278,True,0.0093182171249512,54.94641216471791
2,DS19,97,-968.9809856967618,7705.816756826754,True,0.0093050657187725,55.482474798802286
2,DS19,98,-974.570198316688,7785.384121864591,True,0.0092918089425017,56.06810188665986
2,DS19,99,-979.360716584707,4066.130540204588,True,0.0092771956284225,56.73144847061485
2,DS19,100,-988.7622895666703,5340.201055002854,True,0.0092604786164488,57.39161075092852
2,DS19,101,-985.6322082717196,8256.165171544517,True,0.0092436692750148,57.92691356455907
2,DS19,102,-968.532125448974,7774.462694219396,True,0.0092299132915087,58.4623918524012
2,DS19,103,-983.7666463827786,8629.837206400372,True,0.0092160404673222,58.999364651273936
2,DS19,104,-970.5380033926824,5458.127984697765,True,0.0092020165236644,59.53850382147357
2,DS19,105,-985.6029992225996,7536.104467704065,True,0.0091878231897767,60.07399075012654
2,DS19,106,-969.3889898694342,7273.999739070869,True,0.0091736145390581,60.60731005528942
2,DS19,107,-979.5545948355376,6489.716247111103,True,0.0091593534169945,61.13993461150676
2,DS19,108,-980.8175162092708,8618.10340775235,True,0.0091450017486142,61.67222789349034
2,DS19,109,-994.4331892310744,8220.574642455033,True,0.0091305504825991,62.20479493588209
2,DS19,110,-984.7134402645362,3259.645580671372,True,0.0091159836410363,62.73614771151915
2,DS19,111,-1000.9864052571666,6980.292842850492,True,0.0091013426430371,63.37026523659006
2,DS19,112,-991.8774424189218,10399.437533799954,True,0.0090837302856858,64.09398825652897
2,DS19,113,-990.2099672874884,7878.021827119848,True,0.0090634442387965,64.62701400462538
2,DS19,114,-1001.6097607294174,6650.800671998729,True,0.0090483780179135,65.16084975469857
2,DS19,115,-999.7955503757838,10146.635964358577,True,0.00903318275567,65.69547044858336
2,DS19,116,-1001.0360612889248,7127.064364845659,True,0.0090178591451709,66.22985211061314
2,DS19,117,-1015.4582885064968,9232.918246954796,True,0.0090024368333115,66.76413261517882
2,DS19,118,-1003.4340780882288,6657.06061774194,True,0.0089869124043485,67.3035992141813
2,DS19,119,-1021.349720570879,7899.911568282083,True,0.0089711311977668,67.83745003910735
2,DS19,120,-1008.0873738848816,4780.64059577148,True,0.0089554098027213,68.49231632333249
2,DS19,121,-1011.3064397000246,11196.621316061446,True,0.0089359833839334,69.20851671835408
2,DS19,122,-1035.4529914281811,5841.887449996388,True,0.0089145603216316,69.7422645050101
2,DS19,123,-1008.3107470674712,7680.220901976962,True,0.0088984750844086,70.27696640044451
2,DS19,124,-1010.8492632322238,4129.055855332399,True,0.0088822591152422,70.82043806836009
2,DS19,125,-998.0467793450142,9022.191813322235,True,0.0088656730912133,71.36310296226293
2,DS19,126,-994.5362962915152,6548.555424614037,True,0.0088490074932745,71.90338751953095
2,DS19,127,-1002.4933937263633,5648.053772487185,True,0.0088323120745965,72.44691359717399
2,DS19,128,-1021.2603818415296,3773.9236114138826,True,0.0088154133852609,73.02486683800817
2,DS19,129,-1013.2669078557898,8685.906436746502,True,0.0087973314674243,73.68695623008534
2,DS19,130,-1027.0767000485937,5686.650231971595,True,0.0087764751011917,74.36374835902825
2,DS19,131,-1027.137913486832,10232.560707571423,True,0.0087549996516398,74.90058069396764
2,DS19,132,-1009.987847462448,6487.769585563499,True,0.0087378538614566,75.43696818314493
2,DS19,133,-996.3002998783088,13784.55780853126,True,0.0087206243785283,75.97291379608214
2,DS19,134,-1011.4391420115676,8813.718962035284,True,0.0087033118702291,76.50937555450946
2,DS19,135,-1018.3480580061,4916.504247222401,True,0.008685885893079,77.04878893820569
2,DS19,136,-1033.0177223275332,8464.005115471813,True,0.0086682669265397,77.58863685792312
2,DS19,137,-1036.7300625243197,6675.012876874844,True,0.0086505368096448,78.19476687489077
2,DS19,138,-998.8405630605724,9833.776553895152,True,0.0086305148856107,78.90394749073312
2,DS19,139,-1016.4278438853,4935.712353048948,True,0.008606935632517,79.4937411104329
2,DS19,140,-1009.967285958395,12673.560411347366,True,0.0085872007511457,80.03010393073782
2,DS19,141,-1013.226664345736,8271.321232351831,True,0.0085691557354099,80.5643505086191
2,DS19,142,-1025.0125571210074,5573.808096562409,True,0.0085510897118969,81.09921251563355
2,DS19,143,-1000.1703393015408,12865.252856678066,True,0.008532911238662,81.63179441681132
2,DS19,144,-999.076023494334,6015.59996959644,True,0.0085147196960116,82.16647732676938
2,DS19,145,-997.6532688142552,5661.071917933118,True,0.0084963660294981,82.70034521678463
2,DS19,146,-1017.4692550700076,7251.937339995712,True,0.0084779505583918,83.23537794593722
2,DS19,147,-1010.9897418638238,5626.705902840783,True,0.0084594054541438,83.76907656388357
2,DS19,148,-994.5826573998932,5736.495942631031,True,0.0084408179315911,84.40572671312839
2,DS19,149,-1012.1528055919656,9625.38574432469,True,0.0084185297938894,85.11855630110949
2,DS19,150,-1009.9771659961616,3316.694222148555,True,0.0083934273163313,85.651253240183
2,DS19,151,-1031.237577634075,5639.6119535466405,True,0.0083745673488593,86.18529160926118
2,DS19,152,-1006.777591400708,6566.138504425523,True,0.0083555738764198,86.71930341655388
2,DS19,153,-1015.0053572731822,5915.69372392361,True,0.0083364958033824,87.25191708421335
2,DS19,154,-1020.478235385256,4227.610822587498,True,0.0083173830414753,87.78455197019503
2,DS19,155,-1006.4920544645776,8332.604672443393,True,0.0082981855554219,88.3176517020911
2,DS19,156,-1000.2823731125862,7409.938246487206,True,0.0082788878138516,88.85206256108359
2,DS19,157,-1016.5823060055808,5908.085403795077,True,0.0082594593430171,89.38716873014346
2,DS19,158,-1010.9379300130084,8512.530890963346,True,0.0082399226453654,89.9189309682697
2,DS19,159,-1005.7757115124851,9634.732286976669,True,0.0082204263887674,90.45496397744864
2,DS19,160,-1029.1326440805929,5630.043295721099,True,0.0082006917668346,91.02053999248892
2,DS19,161,-1007.4075175177044,4698.93631876123,True,0.0081797811198892,91.67368783941492
2,DS19,162,-1000.5355101056322,4597.562543943753,True,0.0081555207452672,92.34449219657108
2,DS19,163,-1006.477785059888,5819.36783804369,True,0.0081304806782607,92.87826167372988
2,DS19,164,-998.4736710075686,5114.243021468852,True,0.0081104670145482,93.4148160815239
2,DS19,165,-1004.4575013909136,3479.565336629278,True,0.008090270188874,93.9477540156804
2,DS19,166,-1003.4225579755235,3376.362924331025,True,0.008070131946074,94.48135244473816
2,DS19,167,-1004.556915430772,4244.962869455534,True,0.0080498919196928,95.01361460564658
2,DS19,168,-1002.9763197132196,5082.999260649689,True,0.008029626597549,95.54496737662704
2,DS19,169,-1000.726954218734,5784.338903277781,True,0.0080093208088118,96.1228433768265
2,DS19,170,-1004.9164097520968,10750.592622695976,True,0.0079871526588529,96.77256596693768
2,DS19,171,-1013.2066106428985,2476.9366246211343,True,0.0079621242145776,97.4299393617548
2,DS19,172,-997.6010130074784,3874.460177077715,True,0.0079366899332297,97.9621236016974
2,DS19,173,-1019.4378184517756,6668.702234690488,True,0.0079160182397321,98.4944742708467
2,DS19,174,-1002.7906976413892,4608.200216053268,True,0.0078952681669068,99.02752029523252
2,DS19,175,-1000.47172711938,4220.690693028658,True,0.0078744195426119,99.55870101647452
2,DS19,176,-1004.3291631333918,1643.7273965909128,True,0.0078535733729756,100.0918673435226
2,DS19,177,-1002.624441107374,3979.740059328873,True,0.007832579128084,100.62804862856864
2,DS19,178,-1000.3215199070024,7557.133972255569,True,0.0078113959188898,101.16116692963988
2,DS19,179,-1002.5666682410824,2530.699518631132,True,0.0077902645112954,101.6989073427394
2,DS19,180,-1002.6308076650616,,False,,
2,CTDD21,0,-891.7178909916797,102.86984464648329,True,0.01,1.7307104440405965
2,CTDD21,1,-881.2103642978057,58.32289768857487,True,0.0099992920360142,3.5478879380971198
2,CTDD21,2,-881.5614250318631,76.50214685396048,True,0.0099970251459998,5.319245622493327
2,CTDD21,3,-884.4757086781487,44.465354232239406,True,0.0099933140020224,7.138380660675466
2,CTDD21,4,-879.5902914764994,59.0450529071516,True,0.0099879613054864,8.89201945438981
2,CTDD21,5,-879.1465865131917,55.446994750869365,True,0.0099813244281875,10.512313544284552
2,CTDD21,6,-885.5812945265272,60.32423757666568,True,0.0099739054291584,12.304057374130934
2,CTDD21,7,-873.7387790854708,75.68437816361643,True,0.0099642649179961,14.083336282521486
2,CTDD21,8,-884.5076512640642,28.50225119325297,True,0.009953201640034,15.750784660223871
2,CTDD21,9,-871.1307498261291,54.533987470463714,True,0.0099414893774669,17.41726549109444
2,CTDD21,10,-875.7513505353533,54.256832436500304,True,0.0099284878178926,19.37781289545819
2,CTDD21,11,-876.137303624619,73.19263331442846,True,0.0099115383204818,21.04225998930633
2,CTDD21,12,-871.7077523267333,19.294735477287144,True,0.0098957503829508,22.658565580379214
2,CTDD21,13,-872.9951969105234,21.43996102292044,True,0.0098791947618667,24.565545537509024
2,CTDD21,14,-872.3381805435432,30.103063703401038,True,0.0098581167741209,26.127394640352577
2,CTDD21,15,-873.7337936577928,33.696126985966465,True,0.0098396130278581,27.752666301559657
2,CTDD21,16,-870.4670321752637,32.56600572057546,True,0.0098191772976939,29.6339003816247
2,CTDD21,17,-878.4997718995749,32.16132453439567,True,0.0097940270781766,31.304619086440653
2,CTDD21,18,-864.7272308786759,57.76251214443492,True,0.0097703525418715,32.99253298109397
2,CTDD21,19,-879.2671134448105,31.470368999311862,True,0.0097451628387416,34.90152851911262
2,CTDD21,20,-866.7627866306774,47.1149254658321,True,0.0097151432063275,36.46704091085121
2,CTDD21,21,-869.6282224003767,21.902613007363644,True,0.0096893202042217,38.11692474689335
2,CTDD21,22,-875.1077153702665,47.45562766873768,True,0.0096609383330247,39.941621707286686
2,CTDD21,23,-877.7788937356953,31.09477618473616,True,0.0096281640190036,41.60566151421517
2,CTDD21,24,-872.4371094722223,88.19880126437505,True,0.0095970163034606,43.4087365870364
2,CTDD21,25,-869.2800365777721,58.90808082366538,True,0.009561921158815,45.1349144638516
2,CTDD21,26,-868.9256175114054,26.53038707321833,True,0.0095270228641573,46.85677804797888
2,CTDD21,27,-869.0948122396449,37.94594468247035,True,0.0094909560268174,48.41835590964183
2,CTDD21,28,-868.5646207899164,25.94553920231723,True,0.0094571715082649,50.260366320610046
2,CTDD21,29,-868.1339374356016,48.3352070791228,True,0.0094160174881031,51.81919568544254
2,CTDD21,30,-872.7579997996905,49.72176382395613,True,0.0093800992908148,53.481273715849966
2,CTDD21,31,-870.0459832119325,62.88686032871945,True,0.0093407112893165,55.18090459890664
2,CTDD21,32,-869.9476855992895,45.96310409963448,True,0.0092992808535701,56.8843980957754
2,CTDD21,33,-867.075358918392,19.615220288700225,True,0.0092565994409448,58.44123809365556
2,CTDD21,34,-867.18088516266,30.65129441898484,True,0.0092165906315059,60.05411118688062
2,CTDD21,35,-871.3437084521929,30.67226033919688,True,0.0091741440053371,61.94368115579709
2,CTDD21,36,-871.3850004900835,46.615849366047385,True,0.0091231391474737,63.60859319195151
2,CTDD21,37,-875.5173940790057,37.73941513516544,True,0.0090770716441889,65.32685209903866
2,CTDD21,38,-866.9230278074532,58.91289809353371,True,0.0090284360338855,67.23093862086535
2,CTDD21,39,-873.0334297329429,43.19744433082132,True,0.0089732629583407,68.90020017605275
2,CTDD21,40,-872.6067097372237,43.56248219207119,True,0.0089238053406994,70.6781740989536
2,CTDD21,41,-872.569995214631,55.53851617756433,True,0.008870024907222,72.37080386281013
2,CTDD21,42,-867.0676706771868,18.61351553968608,True,0.0088177859088587,74.09334219852462
2,CTDD21,43,-865.720860636057,41.54189579269131,True,0.008763598818202,75.7081112517044
2,CTDD21,44,-872.2605268800872,47.35956905138802,True,0.0087118778291951,77.42967590363696
2,CTDD21,45,-872.6299386303474,69.01805572264202,True,0.0086557675759111,79.18244357453659
2,CTDD21,46,-875.0019524473319,58.314335858828656,True,0.0085976310746148,81.05004004668444
2,CTDD21,47,-869.5704195043086,26.21952813898304,True,0.0085345862870772,82.76632389286533
2,CTDD21,48,-878.2201794940838,73.30481953463372,True,0.0084756684596034,84.65684323525056
2,CTDD21,49,-868.9851315202303,35.99247713423461,True,0.0084097043655597,86.39619598025456
2,CTDD21,50,-867.6984867951245,14.17225265788684,True,0.008348049308945,88.12339844740927
2,CTDD21,51,-870.8319649553148,27.885386776402285,True,0.0082859292485951,90.04055434139445
2,CTDD21,52,-868.5029478261124,51.923727244220174,True,0.0082159558762262,91.8165391124785
2,CTDD21,53,-866.2061826110519,35.53472839059977,True,0.0081501988122291,93.43293425254524
2,CTDD21,54,-866.3653430447241,30.16621124062543,True,0.0080895868192095,95.41035983944312
2,CTDD21,55,-865.8790139988638,41.27767639699153,True,0.0080144719345834,97.02709502540527
2,CTDD21,56,-865.925895953054,38.41148553671384,True,0.0079522894866818,98.69602271122858
2,CTDD21,57,-864.9193495781551,53.73680888278383,True,0.0078873935279784,100.67447996605188
2,CTDD21,58,-869.6640828001508,32.414264236956285,True,0.0078095582371304,102.29415705008432
2,CTDD21,59,-873.0150650025331,52.05024162860638,True,0.0077451294725799,104.02450634725392
2,CTDD21,60,-864.5064692867824,31.85136325257097,True,0.0076756151966097,105.94480959232897
2,CTDD21,61,-867.0887485095088,34.00159228558465,True,0.0075976696665705,107.66905837506056
2,CTDD21,62,-868.0491159081151,12.421774944028108,True,0.0075269887937169,109.36194839002565
2,CTDD21,63,-865.6264564312479,11.9981145065372,True,0.0074569773818328,111.21263074781746
2,CTDD21,64,-869.1991673243103,24.974793250158523,True,0.007379766963754,112.93619990209118
2,CTDD21,65,-868.2935355737209,46.21882487322005,True,0.0073072509019607,114.95535448053852
2,CTDD21,66,-868.3064658505057,43.8236249418568,True,0.0072215829314014,116.624030564446
2,CTDD21,67,-874.2648919765769,88.9480110358119,True,0.0071502268876784,118.39774697925895
2,CTDD21,68,-866.4570088320146,61.08181641274588,True,0.0070738503614523,120.41448581498116
2,CTDD21,69,-870.7593804077575,16.165056455610507,True,0.0069863787492917,122.0859437668696
2,CTDD21,70,-865.4764954030958,34.08745540938196,True,0.006913400045917,123.75753632886337
2,CTDD21,71,-867.4765510566048,33.168971569470266,True,0.006840000617757,125.72372206673026
2,CTDD21,72,-868.3952225047285,48.154300179769855,True,0.0067531638618705,127.45187970995904
2,CTDD21,73,-870.1248512660766,51.15852076209831,True,0.0066764182380848,129.22873831819743
2,CTDD21,74,-870.9574637938484,70.82165522027857,True,0.0065971252762355,131.12208781437948
2,CTDD21,75,-869.9825470216904,33.476091361425695,True,0.0065122340705538,132.79927801247686
2,CTDD21,76,-870.2288315430314,27.160205765015927,True,0.00643671529722,134.8497056197375
2,CTDD21,77,-868.4596505896216,81.73762272836186,True,0.0063440169942482,136.5451747449115
2,CTDD21,78,-867.5616055618572,14.523836749483207,True,0.006267082768709,138.27217701124027
2,CTDD21,79,-868.1574773744467,23.915041951714397,True,0.00618847969616,140.3145325356163
2,CTDD21,80,-865.1528797130361,50.07618421171156,True,0.0060952471399479,141.93169395579025
2,CTDD21,81,-871.58909541117,53.290110422799856,True,0.0060212374563121,143.65479134768248
2,CTDD21,82,-864.851188808812,34.47787305521853,True,0.0059422225119391,145.57884286390615
2,CTDD21,83,-871.256081567331,57.14932775404761,True,0.0058538306901045,147.358306649141
2,CTDD21,84,-867.1925696127898,35.31953488493473,True,0.0057719580540091,149.15551822818816
2,CTDD21,85,-869.2016748664107,43.86928284613773,True,0.005689177120389,150.99495790014043
2,CTDD21,86,-873.1496736045582,70.81479484831382,True,0.0056043848898053,152.71863838424906
2,CTDD21,87,-863.5209089017653,25.654964570732822,True,0.0055248945377507,154.52449268801138
2,CTDD21,88,-869.883076478392,41.80167626471838,True,0.0054416066941731,156.39521919284016
2,CTDD21,89,-869.123012436232,60.24886106984505,True,0.0053553483330613,158.1168490415439
2,CTDD21,90,-871.2411903795264,64.40878604617313,True,0.0052760109962555,160.14449043152854
2,CTDD21,91,-867.3008408098071,34.14477441544607,True,0.005182663136207,161.9761315858923
2,CTDD21,92,-867.3667798158638,91.74860510838988,True,0.0050984553706844,163.64861313765869
2,CTDD21,93,-873.3125078509235,44.16039351227954,True,0.0050216876509792,165.60428817989305
2,CTDD21,94,-867.1754698154309,30.46450907385773,True,0.0049321010806076,167.3282460826449
2,CTDD21,95,-868.7136179215319,41.90616891816863,True,0.0048533171637117,169.03597701480612
2,CTDD21,96,-873.2212880790838,36.73184286149189,True,0.004775473787337,171.15974870789796
2,CTDD21,97,-868.2778131337411,51.94944877455863,True,0.0046789784076467,172.93344054184854
2,CTDD21,98,-870.9433816056887,24.56984007222538,True,0.0045986853833152,174.72198234777898
2,CTDD21,99,-864.026854218747,44.28471741630046,True,0.0045180218033074,176.51305367983878
2,CTDD21,100,-868.8897077408166,29.01333509417757,True,0.0044375748278146,178.23868828453124
2,CTDD21,101,-873.4199281382218,21.65703319833573,True,0.0043604053037781,180.3162098764442
2,CTDD21,102,-872.6794203071347,44.25020811576758,True,0.0042679746594982,182.04007520945743
2,CTDD21,103,-870.1748322149966,58.96981025581844,True,0.0041917007184002,183.7120750793256
2,CTDD21,104,-869.3035594288053,77.90956948838851,True,0.0041181115440666,185.7204212383367
2,CTDD21,105,-869.3851189196002,73.50452377017815,True,0.0040302572562456,187.4431211007759
2,CTDD21,106,-873.3691264973664,66.6530139235431,True,0.0039553932171689,189.24247962376103
2,CTDD21,107,-866.0459545314844,29.968835132367904,True,0.0038777123015155,191.0154094370082
2,CTDD21,108,-868.3552350750716,44.02316322245863,True,0.0038017118790062,192.67618595482784
2,CTDD21,109,-867.3341688393086,42.375862278020094,True,0.0037310273382412,194.45201533986256
2,CTDD21,110,-866.1517373004984,30.034215193006656,True,0.0036560135624737,196.33540711086243
2,CTDD21,111,-868.0051678856117,62.76544313949861,True,0.0035771242071867,198.15752836503088
2,CTDD21,112,-871.9043278128441,19.4966463717271,True,0.0035014828858158,200.1534937936813
2,CTDD21,113,-866.4897435808605,41.20213609155417,True,0.0034194257013083,201.82263848464936
2,CTDD21,114,-862.479309097875,58.826528878025954,True,0.0033514717013988,203.4944225694053
2,CTDD21,115,-868.2028734069744,46.28610191370735,True,0.0032840405453601,205.54821452545
2,CTDD21,116,-871.4358813942463,27.04227061240221,True,0.0032020937663488,207.26998469233516
2,CTDD21,117,-868.4205992511502,37.96039394373252,True,0.0031341778144329,208.9630972011946
2,CTDD21,118,-868.5814901246831,28.328235136409763,True,0.0030681106076407,210.88599744299427
2,CTDD21,119,-871.6867064981111,39.173953817142085,True,0.002993966038844,212.65608444390816
2,CTDD21,120,-865.5577522183561,26.76223475395364,True,0.0029265734969701,214.36739874305204
2,CTDD21,121,-863.718575795896,16.137383894450643,True,0.002862223653911,216.27708898624405
2,CTDD21,122,-873.8513606533713,28.996295272750608,True,0.0027913732886757,217.9943175376393
2,CTDD21,123,-866.2337244450941,34.602426572612,True,0.0027285486267934,219.97349582379684
2,CTDD21,124,-863.345562093806,24.387753965869724,True,0.0026572067024076,221.7502356655896
2,CTDD21,125,-868.609806769799,30.66146386947112,True,0.0025941574742054,223.41721845790744
2,CTDD21,126,-866.9975022376327,11.33723654099266,True,0.0025358788418278,225.32575418893248
2,CTDD21,127,-868.1339990410754,46.97386194309992,True,0.0024702187782369,227.20573658589277
2,CTDD21,128,-866.664875141424,36.273179319412414,True,0.0024066743210022,228.87146814959124
2,CTDD21,129,-861.3826895137025,11.702757757448833,True,0.0023513305048295,230.86700765276328
2,CTDD21,130,-872.5316901925977,56.58236327006351,True,0.0022862385123649,232.58760670945048
2,CTDD21,131,-866.2168565245303,13.698318416786934,True,0.0022311930157682,234.3669104897417
2,CTDD21,132,-863.6278118630504,15.61704135188311,True,0.0021753388028821,236.3089948957786
2,CTDD21,133,-870.0902606968225,64.59985162649603,True,0.0021156374019303,238.0877756099217
2,CTDD21,134,-873.0797336935863,69.49668833781186,True,0.0020621320244406,240.1756466170773
2,CTDD21,135,-871.0920460784273,70.38618345857148,True,0.0020007882930263,241.95153508335352
2,CTDD21,136,-865.6133402561205,16.106783113733027,True,0.0019498709130775,243.73006443167105
2,CTDD21,137,-868.0724282095446,44.54411962066915,True,0.0019000565765067,245.79438847862184
2,CTDD21,138,-874.905464267978,41.32262646146877,True,0.0018437385351695,247.6221164595336
2,CTDD21,139,-863.1150105401331,34.11100053808104,True,0.001795240491932,249.45136646041647
2,CTDD21,140,-866.6748852153167,49.72772881754791,True,0.0017480037462562,251.3631284753792
2,CTDD21,141,-867.8092955960335,86.26658821970678,True,0.0017000459514818,253.1383998794481
2,CTDD21,142,-871.6895652399721,25.374008051807447,True,0.0016568181027792,255.07799171935767
2,CTDD21,143,-864.9766581726236,58.12633710080614,True,0.0016110439774246,256.7422022991814
2,CTDD21,144,-862.1243470325046,37.60079319441545,True,0.0015729931863257,258.40860769012943
2,CTDD21,145,-870.2659345980869,26.492267301475056,True,0.0015360369856657,260.5127681819722
2,CTDD21,146,-868.5630480161217,28.11607421016752,True,0.001491025749141,262.2267433530651
2,CTDD21,147,-867.8402237247709,10.150219665580146,True,0.0014557381998255,264.014449399896
2,CTDD21,148,-866.9711728474534,63.23493705421383,True,0.001420262556877,266.0956514580175
2,CTDD21,149,-867.0062396487551,13.79034572659559,True,0.0013806888854621,267.70302073005587
2,CTDD21,150,-868.0661830294098,22.898564723600675,True,0.0013514069054951,269.53004687000066
2,CTDD21,151,-866.1553609013805,58.89566999631751,True,0.0013194910377195,271.4618616499938
2,CTDD21,152,-866.4068919778327,16.131240319145146,True,0.0012873392670166,273.17715745419264
2,CTDD21,153,-870.1039730000067,21.70936129582553,True,0.0012601748827395,275.22758434247226
2,CTDD21,154,-869.5907467935069,26.027690893385405,True,0.0012294233190253,276.94105203356594
2,CTDD21,155,-869.8843880837519,75.57525025236862,True,0.0012051713909872,278.60255312453955
2,CTDD21,156,-869.7285797933537,25.298976977148914,True,0.001182919843322,280.6516339685768
2,CTDD21,157,-871.7545065632278,31.405997758653456,True,0.0011572023366286,282.3662431295961
2,CTDD21,158,-865.5967481395181,15.016280651216205,True,0.0011371542046289,284.05206007743254
2,CTDD21,159,-872.5874970365646,76.04360184258451,True,0.0011187562961247,286.0274197980761
2,CTDD21,160,-868.2880206940058,24.488080135057523,True,0.0010988631190591,287.7450494184159
2,CTDD21,161,-866.5217900005258,52.57610753395793,True,0.0010830314712892,289.70524024171755
2,CTDD21,162,-875.7422405033981,29.60989468180992,True,0.0010666368524867,291.7776364609599
2,CTDD21,163,-864.1623278133754,20.051023071563616,True,0.0010512498688902,293.3872948875651
2,CTDD21,164,-864.6929135451659,20.11108243911457,True,0.0010406831276201,295.3281402848661
2,CTDD21,165,-868.1817401955523,38.6550515112918,True,0.0010295565083243,296.9917205469683
2,CTDD21,166,-869.0657789949631,27.31969955523312,True,0.0010214271846832,298.7067530271597
2,CTDD21,167,-865.0802376893431,21.35508257682409,True,0.0010144094712477,300.70414264826104
2,CTDD21,168,-866.2615566625674,46.37426987968383,True,0.0010079834992753,302.42027326626703
2,CTDD21,169,-870.6171581389033,33.567695403314715,True,0.0010039658792789,304.30760319856927
2,CTDD21,170,-866.4976916835578,69.85422221813619,True,0.0010011535070037,306.23025645455346
2,CTDD21,171,-865.0738206703792,20.101036722928463,False,0.0010000194055428,307.89105835556984
3,DS19,0,-892.7546614275519,513.4950506548798,True,0.01,0.6658182702958584
3,DS19,1,-884.9276928656091,199.64193313655375,True,0.0099998831883695,1.3323842729441822
3,DS19,2,-889.1891020801322,459.05157379470376,True,0.0099995322346805,1.864976272918284
3,DS19,3,-889.7280229555222,348.775774930291,True,0.0099990835507326,2.3985564480535686
3,DS19,4,-887.8540205658032,1023.0472080315268,True,0.0099984841645763,2.931755068246275
3,DS19,5,-881.9070594747789,256.8606668306852,True,0.0099977353792218,3.464116756338626
3,DS19,6,-884.8543416086727,268.25394369808345,True,0.0099968383722884,3.996652585454285
3,DS19,7,-882.1801514801735,683.9709166690791,True,0.0099957917489206,4.52845064830035
3,DS19,8,-888.6037203131204,313.28789811853426,True,0.0099945975729732,5.123622144106776
3,DS19,9,-882.8684319275354,450.5995740936632,True,0.0099930845655319,5.792279702145606
3,DS19,10,-881.8805022640736,363.8507064555586,True,0.0099911624192463,6.433473542332649
3,DS19,11,-883.4823143923752,312.87152526733934,True,0.0099890983519772,6.967846544925124
3,DS19,12,-878.1979313072097,641.4023620061109,True,0.0099872130220079,7.501495073083788
3,DS19,13,-879.3226226529,524.9154633228907,True,0.0099851804952783,8.033748389221728
3,DS19,14,-886.0242250521957,252.8416598696656,True,0.0099830042852013,8.568223715294152
3,DS19,15,-883.1959104222408,329.0878771831329,True,0.0099806693274472,9.10388072533533
3,DS19,16,-878.0676055159145,247.9345352261196,True,0.0099781788135185,9.636533750221131
3,DS19,17,-879.594382758174,348.6508436895994,True,0.0099755530535687,10.25559378694743
3,DS19,18,-880.3612897433384,660.2597799925302,True,0.009972314501641,11.016751778777689
3,DS19,19,-879.4574104095456,673.802252965341,True,0.0099680574772992,11.55378411989659
3,DS19,20,-883.729200509393,500.2258548483821,True,0.0099648715332757,12.085341553669425
3,DS19,21,-881.3206342651495,269.79871868211256,True,0.0099615695665287,12.619079312775284
3,DS19,22,-883.3683754377357,378.0456782551192,True,0.0099581055143314,13.1516199586913
3,DS19,23,-883.3461009409166,251.12554505307037,True,0.0099545010013721,13.684259906876832
3,DS19,24,-878.1224681230881,254.77902880155904,True,0.0099507478308895,14.219044005963951
3,DS19,25,-882.990521032378,488.8184107822456,True,0.0099468307835261,14.753104140982032
3,DS19,26,-881.217387970165,534.7846216759764,True,0.0099427704048602,15.41225490393117
3,DS19,27,-881.4002901901997,382.0276083474129,True,0.0099375543899043,16.140462880954146
3,DS19,28,-880.0011691158866,248.75453049950357,True,0.0099315294075548,16.675706163980067
3,DS19,29,-876.3051409635705,356.7036205722088,True,0.009926925458589,17.213583399076015
3,DS19,30,-883.2348888903654,475.2510605019356,True,0.0099221492312548,17.759859550278634
3,DS19,31,-879.8592184667912,507.3410330815095,True,0.0099171450689056,18.30580185353756
3,DS19,32,-881.3558997292433,275.12394813935583,True,0.0099119897376345,18.84632754418999
3,DS19,33,-875.2067475425364,761.5802232771416,True,0.0099067338391122,19.399663033429533
3,DS19,34,-880.7146989406288,1010.4146233446309,True,0.0099011972019445,19.98204662045464
3,DS19,35,-878.6652819189528,270.90279354631207,True,0.0098951994588074,20.69208569964394
3,DS19,36,-884.2957459324532,410.1798745570127,True,0.0098876508934876,21.37849420448765
3,DS19,37,-881.2929258671049,867.2818589204757,True,0.0098801072804525,21.948802899569277
3,DS19,38,-878.8627185002816,980.8396057942796,True,0.0098736557626264,22.49746523564681
3,DS19,39,-875.2621059150047,568.3686172868688,True,0.0098672918839868,23.04781053867191
3,DS19,40,-884.5930218231533,558.8039802355604,True,0.0098607538132861,23.599928052630275
3,DS19,41,-877.5593932430531,386.3329344492491,True,0.0098540392644625,24.19881950458512
3,DS19,42,-876.1386835680215,341.94887663684443,True,0.0098465801400158,24.753579534590244
3,DS19,43,-876.4601309885702,334.3583139694843,True,0.0098395077720466,25.445143254473805
3,DS19,44,-879.5167883467223,334.00950279870057,True,0.0098304723785312,26.17505933623761
3,DS19,45,-880.3812687288546,221.9495364428288,True,0.0098206728214915,26.725906538311392
3,DS19,46,-870.2587765717465,242.29521246470003,True,0.0098130988471075,27.276362686418
3,DS19,47,-876.774368197209,260.32131993167,True,0.0098053771471806,27.8252547304146
3,DS19,48,-875.6693772170736,385.2813333705329,True,0.0097975252645171,28.377086811233312
3,DS19,49,-872.8371618520572,339.3007924311228,True,0.009789478474813,28.940130519215018
3,DS19,50,-875.4483284916835,357.42665524323417,True,0.0097811105345212,29.49136200826615
3,DS19,51,-880.6265301180442,482.142428715705,True,0.0097727641716023,30.107538605108857
3,DS19,52,-878.7541969736052,346.39379566041373,True,0.0097632544993679,30.815743647981435
3,DS19,53,-876.4129659336427,270.87380995586426,True,0.009752090405727,31.46617786213756
3,DS19,54,-874.8223951721661,410.1334461289208,True,0.0097416169663811,32.02001164155081
3,DS19,55,-885.953125690254,425.5955779831785,True,0.0097325333367783,32.56977409822866
3,DS19,56,-877.5448509385792,629.0630913253339,True,0.0097233661160502,33.12236451637
3,DS19,57,-882.3941940479258,533.0622089173967,True,0.0097140010981911,33.6770142801106
3,DS19,58,-885.6002998892307,540.0412548129177,True,0.0097044496432466,34.23009199881926
3,DS19,59,-883.7804773328887,391.32092227898846,True,0.0096947744285558,34.77741291373968
3,DS19,60,-883.7195964459895,154.82970292237957,True,0.0096850519863447,35.46276641404256
3,DS19,61,-888.7793950555246,648.7842819952399,True,0.0096726705893778,36.19136293698102
3,DS19,62,-891.5935772334924,420.6233079986173,True,0.0096592562843131,36.74229990178719
3,DS19,63,-886.783078114279,731.3510240105772,True,0.0096489411672054,37.29155082255602
3,DS19,64,-895.3311362896504,666.4127329069509,True,0.0096385108133642,37.82445125980303
3,DS19,65,-896.5591114675756,466.7314157506679,True,0.0096282512075225,38.40627001784742
3,DS19,66,-895.8171809348897,418.7044045281716,True,0.0096168930423204,38.94904414657504
3,DS19,67,-895.1360115127624,406.8513594228421,True,0.0096061499450564,39.48544787662104
3,DS19,68,-898.1541390031333,888.2652962141752,True,0.0095953937535039,40.06874052295461
3,DS19,69,-899.1964910752624,361.42203350102966,True,0.009583540718639,40.74367581959814
3,DS19,70,-896.9940946926147,333.78309330355154,True,0.0095696223949257,41.42013691179454
3,DS19,71,-894.7623129444373,459.8282055714975,True,0.0095554547651685,41.95606889389455
3,DS19,72,-892.6990057328703,526.0237582920702,True,0.0095440760077294,42.48920650919899
3,DS19,73,-900.5773929823561,347.89166271546435,True,0.009532621611887,43.022064534481615
3,DS19,74,-900.4784573790494,589.0337012964961,True,0.0095210390956158,43.55532345967367
3,DS19,75,-905.3018284479496,548.7624920748573,True,0.0095093140073142,44.08826913498342
3,DS19,76,-907.9801938969108,720.9911408403715,True,0.0094974624063776,44.6234398172237
3,DS19,77,-905.347876848511,397.91598109444783,True,0.0094854275258698,45.23857332626358
3,DS19,78,-901.8466744134628,267.09341153947577,True,0.009471429344353,46.01346993399784
3,DS19,79,-900.768875035014,357.7336428487422,True,0.0094535451357423,46.550998038146645
3,DS19,80,-911.6638430076646,543.3106531101206,True,0.0094409758777484,47.08340988215059
3,DS19,81,-907.4466342190397,611.1694689114966,True,0.009428394800226,47.61890186741948
3,DS19,82,-904.8110832324484,356.83956508777214,True,0.0094156093971226,48.15547905955464
3,DS19,83,-906.6865788516574,407.736268496742,True,0.0094026661923012,48.693416711408645
3,DS19,84,-911.887064945642,366.6661129085453,True,0.0093895580815358,49.22974284924567
3,DS19,85,-908.8450930185854,610.6475775169545,True,0.0093763580177518,49.76611269405112
3,DS19,86,-912.7109793654718,865.8229379092994,True,0.0093630262829165,50.41826970363036
3,DS19,87,-906.2277773590604,451.8598736994383,True,0.0093466413172026,51.15581117384136
3,DS19,88,-918.1290916526316,623.1503965060333,True,0.0093278803117569,51.68712599761784
3,DS19,89,-920.5748897500824,601.5317462627911,True,0.009314213962521,52.2218662542291
3,DS19,90,-917.0302257813412,497.9216771579566,True,0.0093003321879535,52.75782310916111
3,DS19,91,-908.5181381304432,430.8417523010569,True,0.0092862911339936,53.29232800845057
3,DS19,92,-918.3576378964495,468.9499475554934,True,0.0092721612654064,53.84026043862104
3,DS19,93,-914.8634074131184,483.8246123883286,True,0.0092575454348773,54.39862105250359
3,DS19,94,-910.5590139494456,297.6451510495695,True,0.0092425155308351,54.976940360385925
3,DS19,95,-915.0358512296584,975.3332184298304,True,0.0092268043310043,55.66540082450956
3,DS19,96,-915.5580428371012,320.6226726272714,True,0.0092079106600806,56.36330538662151
3,DS19,97,-919.8231951899658,442.6491516184117,True,0.0091885477458486,56.90040570264682
3,DS19,98,-919.105983124046,622.8931387616697,True,0.0091735029185926,57.444663842674345
3,DS19,99,-912.9562783081958,428.6064513143407,True,0.0091581309990082,57.98606481682509
3,DS19,100,-926.6607845985532,347.2646407669656,True,0.0091427138731656,58.52576919877902
3,DS19,101,-914.6960301878588,564.5600920240759,True,0.0091272206046826,59.069162249565125
3,DS19,102,-917.1883421606478,532.6851474461326,True,0.0091114964445723,59.61385490279645
3,DS19,103,-918.9444209011036,1035.1442185020087,True,0.0090956093455568,60.23698448482901
3,DS19,104,-914.5148431717128,802.7405708778566,True,0.0090772812912098,61.00922516966239
3,DS19,105,-915.5473207218188,481.05302911008334,True,0.0090543418247689,61.55885255569592
3,DS19,106,-912.0491866669596,756.5792028501212,True,0.0090378637994707,62.10016994457692
3,DS19,107,-918.660058338426,317.5051034970388,True,0.0090215125707464,62.64187045721337
3,DS19,108,-920.616446340922,328.90957308891353,True,0.0090050287968077,63.17840036936104
3,DS19,109,-917.3872871553544,334.90024235889126,True,0.008988583630962,63.713147612754256
3,DS19,110,-912.8436455200508,388.25959498259954,True,0.0089720760844323,64.24881069269031
3,DS19,111,-913.6340026080212,772.3850863776088,True,0.00895542369457,64.7846679026261
3,DS19,112,-913.2886236575982,509.5051215877997,True,0.0089386490945258,65.44070453941822
3,DS19,113,-909.9948776764672,228.7294960048475,True,0.0089179549867341,66.1769380075857
3,DS19,114,-912.6024902889372,496.2343446099799,True,0.0088945260421135,66.70780211035162
3,DS19,115,-913.2315098886806,278.6686074528614,True,0.0088774987201503,67.23991572763771
3,DS19,116,-919.3162817000426,734.504352535517,True,0.0088603194577655,67.77285827556625
3,DS19,117,-915.6003699083636,1079.090470838294,True,0.0088430017483183,68.30788461863995
3,DS19,118,-911.9166227478584,1234.2676775776824,True,0.0088255044784354,68.84132745396346
3,DS19,119,-913.9794685778768,633.1075785512642,True,0.0088079480078031,69.38211904792115
3,DS19,120,-912.643884739222,618.7743436229491,True,0.008790037154953,69.92896163789555
3,DS19,121,-919.0844398552543,422.55087353066847,True,0.0087718113173061,70.61507081985474
3,DS19,122,-919.800718837858,386.7642610378699,True,0.0087487818442281,71.32310592383146
3,DS19,123,-916.8991632254268,457.580522229304,True,0.0087248286566916,71.85636336775497
3,DS19,124,-919.8162248218188,893.2379594560751,True,0.0087066632181896,72.3903162847273
3,DS19,125,-921.3154249509956,416.1904638739091,True,0.0086883670922294,72.92480841837823
3,DS19,126,-920.4796535218304,477.7896325554033,True,0.0086699458734281,73.46170233841985
3,DS19,127,-924.2141560084784,581.776653516399,True,0.0086513351082525,73.99860178725794
3,DS19,128,-927.7597336079942,919.0213685641615,True,0.0086326177687135,74.53671108419076
3,DS19,129,-925.5871173277276,715.2958204695541,True,0.008613752142919,75.12735698604956
3,DS19,130,-931.2327361358978,544.938330811407,True,0.0085929231000186,75.81168860988691
3,DS19,131,-931.4927623089116,551.1884093999639,True,0.0085686322842107,76.47995139565319
3,DS19,132,-938.1463862211342,790.013651031248,True,0.0085447494192449,77.01634291978553
3,DS19,133,-950.8359046394688,1109.2611734269396,True,0.0085254642048346,77.553616033867
3,DS19,134,-946.5150210348744,937.55779811933,True,0.0085060451020384,78.09072094457224
3,DS19,135,-946.0643260926296,897.7063555661603,True,0.0084865305065599,78.62723408685997
3,DS19,136,-944.4480797847738,354.78525382938074,True,0.0084669366812637,79.16767477011308
3,DS19,137,-945.1952958783668,1127.7186043608313,True,0.0084470983059874,79.70679096784443
3,DS19,138,-944.0410932595712,272.291956307118,True,0.0084272081140172,80.34696271270514
3,DS19,139,-962.0401859947068,397.0380733391638,True,0.0084034602269947,81.1172637725249
3,DS19,140,-942.828610334914,1572.3499704632732,True,0.0083747004347902,81.65455754147843
3,DS19,141,-950.1569745288956,236.7053866417549,True,0.0083545217717377,82.19256870169193
3,DS19,142,-933.6715746599186,329.1129506358505,True,0.0083342194682103,82.73011272260919
3,DS19,143,-935.4023992105688,780.902340174333,True,0.008313838842811,83.26774443965405
3,DS19,144,-955.9363249738368,449.008775892761,True,0.0082933596509779,83.80615240568295
3,DS19,145,-944.8207619462348,447.41346609092005,True,0.0082727561300466,84.34317578468472
3,DS19,146,-943.7131797532396,1278.185948349596,True,0.008252111826111,84.87968577584252
3,DS19,147,-948.8445963450752,695.1448304009988,True,0.0082313944417848,85.5567521918565
3,DS19,148,-inf,1072.1592226355365,False,,
3,CTDD21,0,-871.5337903238114,59.41539953943385,True,0.01,2.200737148988992
3,CTDD21,1,-873.993863096833,37.92749627433173,True,0.0099987238774889,4.765471288003027
3,CTDD21,2,-863.3686384013723,52.194411199446826,True,0.0099940173718677,7.031402652151883
3,CTDD21,3,-869.7703014272905,71.01670253959735,True,0.0099869788024377,9.422555749770254
3,CTDD21,4,-870.1581142037462,48.3634362621522,True,0.0099766257520457,11.782816411927342
3,CTDD21,5,-870.044773456326,68.0499625309971,True,0.009963466922365,14.09060641983524
3,CTDD21,6,-878.4777095559201,57.27505693241651,True,0.0099477851242125,16.509738944936544
3,CTDD21,7,-868.1933033783239,23.507572436408044,True,0.009928368936516,18.746327138971537
3,CTDD21,8,-867.5733835804341,20.407127502600822,True,0.0099077175835836,21.23887346126139
3,CTDD21,9,-866.7512678228542,49.86814911807225,True,0.0098816613029273,23.44786222325638
3,CTDD21,10,-870.733066232528,33.05826387607003,True,0.0098559041251954,25.96595306135714
3,CTDD21,11,-870.8421435943916,22.61499305070433,True,0.0098235077769715,28.17459412803873
3,CTDD21,12,-869.520958086259,25.235204225295348,True,0.009792448996405,30.587930398993198
3,CTDD21,13,-875.5017907189754,41.27439443924077,True,0.0097557089175755,32.79376655211672
3,CTDD21,14,-869.5302843848676,37.20667552888533,True,0.0097195881905229,35.357957754749805
3,CTDD21,15,-873.4809639086754,72.63829884249131,True,0.0096745789157378,37.562587114516646
3,CTDD21,16,-866.581571271535,30.6720796590644,True,0.0096333098955328,40.075801455415785
3,CTDD21,17,-874.3091970403433,35.363361505438675,True,0.0095833962364157,42.22664872929454
3,CTDD21,18,-866.8733267621511,40.20311270824674,True,0.0095382794324948,44.80491086328402
3,CTDD21,19,-876.5028779884256,35.80049884311411,True,0.0094813162482858,47.06823069602251
3,CTDD21,20,-866.8741977266991,26.203016874698115,True,0.0094287552976579,49.50817544385791
3,CTDD21,21,-860.9375566655121,26.290347788757813,True,0.0093694537123903,51.90600223420188
3,CTDD21,22,-866.7446755252536,25.246999400386866,True,0.0093085473835702,54.30393233709037
3,CTDD21,23,-871.653475802613,25.04433315676348,True,0.009245073990174,56.79814479500055
3,CTDD21,24,-870.4954016394772,21.70841499580555,True,0.0091763769504086,59.16406418802217
3,CTDD21,25,-873.5922806680904,73.67448987813866,True,0.0091087374426498,61.6905675358139
3,CTDD21,26,-868.9646697811104,15.141475427995578,True,0.0090338963242213,63.95840816386044
3,CTDD21,27,-876.3659581423444,47.41359755811815,True,0.0089644660103227,66.36881702393293
3,CTDD21,28,-869.5779349741019,27.39215111289783,True,0.0088883844739664,68.46539300912991
3,CTDD21,29,-874.7792448958924,22.082515446583777,True,0.0088203321253017,71.09602533793077
3,CTDD21,30,-874.6294963075796,18.457980160967395,True,0.0087325315990578,73.29630046570674
3,CTDD21,31,-861.7592352491071,11.55588728688731,True,0.0086570799276046,75.86496900487691
3,CTDD21,32,-870.5595170107899,34.567466375215865,True,0.0085667339815695,78.07027904968709
3,CTDD21,33,-867.2940864156581,28.91636291832994,True,0.0084872750716593,80.58689032960683
3,CTDD21,34,-874.8786408025165,23.360723089252943,True,0.0083945238825937,82.73408792167902
3,CTDD21,35,-871.8580695074479,32.96486428914353,True,0.0083136877702416,85.31020860793069
3,CTDD21,36,-872.21165353711,42.82401175965772,True,0.0082147031420607,87.62064741784707
3,CTDD21,37,-872.1425932649506,26.42495792573326,True,0.0081241302143561,90.14527658373116
3,CTDD21,38,-874.5266417439846,30.585169886685662,True,0.0080232871651054,92.3463639765978
3,CTDD21,39,-872.9769004905622,28.144010539840423,True,0.0079338281455031,95.03287206450476
3,CTDD21,40,-865.0236244983087,39.12209312236593,True,0.007822774056896,97.23544349055736
3,CTDD21,41,-864.9088132829329,35.63420344312334,True,0.0077302560161861,99.64089991524816
3,CTDD21,42,-873.035477556184,28.30930776071967,True,0.0076277702699404,102.02576145902276
3,CTDD21,43,-869.9145916613827,16.38726074571302,True,0.0075247384971615,104.30708409287035
3,CTDD21,44,-872.3381625751076,15.339560722377223,True,0.0074249169221909,106.70197929954156
3,CTDD21,45,-874.6481180795805,20.09959061636353,True,0.007318864740216,108.9549436494708
3,CTDD21,46,-866.0983307720744,15.009931591757304,True,0.0072179811434616,111.42152015864848
3,CTDD21,47,-876.1842633405008,30.523324709974247,True,0.0071063635822577,113.68949957424776
3,CTDD21,48,-869.7110752528741,17.124606168814037,True,0.0070027210909533,116.20708261150868
3,CTDD21,49,-867.6096510444457,19.061541050840503,True,0.0068866147964753,118.3643218036741
3,CTDD21,50,-869.3465041173664,40.545482130443546,True,0.0067863048450816,120.81096467981116
3,CTDD21,51,-864.4377990383989,17.943315814673042,True,0.0066716924559739,123.06863768259063
3,CTDD21,52,-865.2477764093044,18.727878198773844,True,0.0065652018351014,125.68427277402952
3,CTDD21,53,-864.3423929091982,31.08873778452667,True,0.0064410359529878,128.00139685207978
3,CTDD21,54,-864.6209817564484,27.911282854719676,True,0.0063304076377388,130.4590706443414
3,CTDD21,55,-873.4085544221224,21.20318692793859,True,0.0062124999134069,132.71032168716192
3,CTDD21,56,-869.2288391216841,20.03513053430204,True,0.0061040510829895,135.16607939917594
3,CTDD21,57,-874.4342234431233,31.08301751283709,True,0.0059853440098249,137.37127377837896
3,CTDD21,58,-869.9486920746807,45.03847280391649,True,0.0058784542137613,139.8791327434592
3,CTDD21,59,-868.3921153482166,53.8452079089049,True,0.0057566351867203,142.150904903654
3,CTDD21,60,-866.57549214964,68.25616576011355,True,0.0056461184623529,144.69838488986716
3,CTDD21,61,-860.7063901957932,39.47311024512232,True,0.0055220873382219,147.07388572907075
3,CTDD21,62,-868.1051011281627,32.590908966167866,True,0.0054064124601023,149.4046606440097
3,CTDD21,63,-866.7173333765169,22.8180562714623,True,0.0052929751506799,151.82879913784564
3,CTDD21,64,-868.7800059345301,29.772795654102268,True,0.0051751346392111,154.10583120165393
3,CTDD21,65,-871.8596814021428,13.172678325025638,True,0.0050646472884071,156.55004860972986
3,CTDD21,66,-864.372469331256,14.653213434917657,True,0.0049463436636484,158.83176227938384
3,CTDD21,67,-870.6134464442741,73.69586190225945,True,0.0048362533657828,161.3218314726837
3,CTDD21,68,-866.4686859184992,15.981783407811776,True,0.0047165742381099,163.5864457464777
3,CTDD21,69,-863.6984797799804,57.06074304605486,True,0.0046082226980935,166.13323432346806
3,CTDD21,70,-866.361099587999,24.050948235379984,True,0.0044870134399499,168.3957616374828
3,CTDD21,71,-873.2316072838443,21.77827763859323,True,0.0043799755449155,170.9367682915181
3,CTDD21,72,-868.1043230141686,35.50196953013057,True,0.0042605666496206,173.13818412739784
3,CTDD21,73,-867.5814706426906,12.042567983510542,True,0.0041578704663696,175.6386796683073
3,CTDD21,74,-873.5464958444854,29.91320288020251,True,0.0040421493084819,177.8449448980391
3,CTDD21,75,-864.879466888013,37.47902113656193,True,0.0039409285800994,180.3466973970644
3,CTDD21,76,-865.6338524278669,21.064102273914937,True,0.0038272295617706,182.54838450904936
3,CTDD21,77,-865.5207076374306,31.549276424536167,True,0.0037281793545425,185.03216746402904
3,CTDD21,78,-863.9577519290614,38.46460772101391,True,0.0036176483301273,187.24531468888745
3,CTDD21,79,-877.337589696867,33.43768442653467,True,0.0035203041453553,189.67764669004828
3,CTDD21,80,-866.4480023618252,22.280604168275467,True,0.0034146311040558,192.02571149310097
3,CTDD21,81,-873.1556785623654,26.605064295319107,True,0.0033139888234025,194.41874646488577
3,CTDD21,82,-870.037112589571,27.767954457565764,True,0.003212871645229,196.84821713715792
3,CTDD21,83,-865.8577925595239,45.7465766315766,True,0.0031117842026679,199.12099746242168
3,CTDD21,84,-871.9447031843262,19.926938960320538,True,0.0030187095499826,201.60456687957048
3,CTDD21,85,-877.7336716804143,34.632779640115785,True,0.0029187208585035,203.88042360637337
3,CTDD21,86,-865.0815955503867,18.491256492154207,True,0.0028287300408218,206.3134591779672
3,CTDD21,87,-865.85758447418,22.96477426475309,True,0.0027343174594289,208.52299464913085
3,CTDD21,88,-865.4964956763349,34.96286723724842,True,0.0026502370824803,210.9769297502935
3,CTDD21,89,-867.2368918413747,49.927568854865086,True,0.0025587680311249,213.13892236724496
3,CTDD21,90,-861.8704164871145,55.93863646235873,True,0.0024798975110857,215.50087195960805
3,CTDD21,91,-868.4417814154846,50.3140059185151,True,0.0023956234911885,217.6036270717159
3,CTDD21,92,-873.9200014055335,35.078664994523095,True,0.0023223022880282,220.14041831856596
3,CTDD21,93,-868.8225575552457,17.777660944416997,True,0.0022360399135478,222.44546760758385
3,CTDD21,94,-870.7699568137607,38.05900297617276,True,0.0021597890413639,224.76303753489628
3,CTDD21,95,-866.1625065484624,51.486669213896725,True,0.002085219324716,227.0764209721237
3,CTDD21,96,-870.3350682590508,54.99748143216461,True,0.0020129262973243,229.3855910957791
3,CTDD21,97,-863.4671942901556,50.45574577092297,True,0.0019429443259283,231.79716679779813
3,CTDD21,98,-874.7065637411454,31.07881163967881,True,0.0018722305783003,234.0997652676888
3,CTDD21,99,-867.7897910616791,11.934527084215228,True,0.0018070173709144,236.49594250367957
3,CTDD21,100,-866.4023780099476,61.17768029546783,True,0.0017415890038882,238.9257452604361
3,CTDD21,101,-864.7567106191567,54.00168011843069,True,0.0016778231656185,241.5038267574273
3,CTDD21,102,-863.5226047350741,29.756954480132976,True,0.0016130563196138,243.80667836824432
3,CTDD21,103,-874.0772744513197,40.68213474812538,True,0.0015577604361542,246.25164668401703
3,CTDD21,104,-874.0614636541425,7.955983660127456,True,0.0015017322944798,248.5095156109892
3,CTDD21,105,-872.6023780133636,22.555015746871423,True,0.0014524766261407,251.09682485321537
3,CTDD21,106,-871.0117845969979,20.419841591236825,True,0.0013990067830608,253.35022408841175
3,CTDD21,107,-874.2175424005488,19.635891033905747,True,0.0013550554029878,255.8448670436628
3,CTDD21,108,-869.3317021469107,15.722276719198607,True,0.0013092743750195,258.20852665696293
3,CTDD21,109,-864.1017053479741,46.92788704050898,True,0.0012687143169527,260.6316994931549
3,CTDD21,110,-866.1659667447836,17.842533468124834,True,0.0012300069656132,262.9630662132986
3,CTDD21,111,-870.680712149316,48.14703623377814,True,0.0011955371217852,265.461116024293
3,CTDD21,112,-860.8599025231663,19.20264564087143,True,0.0011616439464291,267.61299701733515
3,CTDD21,113,-871.6521661682787,53.55259283010498,True,0.0011349884020214,270.0561399613507
3,CTDD21,114,-858.6184255466063,39.880815160752455,True,0.0011075949423318,272.2010587793775
3,CTDD21,115,-866.0619930795445,30.11539037456212,True,0.001086075632298,274.50785292033106
3,CTDD21,116,-859.563479327214,33.30156978622487,True,0.0010655866023486,276.9150833711028
3,CTDD21,117,-869.9802550200469,40.37117159967856,True,0.0010471520399709,279.09087501000613
3,CTDD21,118,-866.8308245866834,29.3356163657616,True,0.0010330893711221,281.57410886790603
3,CTDD21,119,-870.7915686588656,60.47767579137916,True,0.0010200659806347,283.660672490485
3,CTDD21,120,-871.5654509499763,36.51083499065808,True,0.0010116237601327,286.12481454061344
3,CTDD21,121,-860.7064187676724,26.678168103779583,True,0.001004601116977,288.2621323405765
3,CTDD21,122,-873.6628398893099,29.5521524919597,False,0.001001098418725,290.73783592740074
